-----------------------------------------------------
|Tracker name| Success | Norm Precision | Precision |
-----------------------------------------------------
|   TransT   |  0.695  |     0.000      |   0.899   |
| SiamRPN++  |  0.687  |     0.000      |   0.891   |
|   Ocean    |  0.684  |     0.000      |   0.920   |
| LightTrack |  0.654  |     0.000      |   0.856   |
|   SiamFC   |  0.583  |     0.000      |   0.783   |
-----------------------------------------------------


OTB2015
-------------------------------------------------------------------------------------------------------------------------------------
|    Tracker name     |     LightTrack      |      SiamRPN++      |       TransT        |       SiamFC        |        Ocean        |
-------------------------------------------------------------------------------------------------------------------------------------
|     Video name      | success | precision | success | precision | success | precision | success | precision | success | precision |
-------------------------------------------------------------------------------------------------------------------------------------
|     Basketball      |  0.270  |   0.368   |  0.432  |   0.549   |  0.141  |   0.247   |  0.323  |   0.423   |  0.589  |   0.841   |
|        Biker        |  0.366  |   0.480   |  0.743  |   0.941   |  0.703  |   0.945   |  0.634  |   0.939   |  0.660  |   0.918   |
|        Bird1        |  0.217  |   0.324   |  0.208  |   0.395   |  0.176  |   0.427   |  0.175  |   0.255   |  0.215  |   0.550   |
|        Bird2        |  0.642  |   0.866   |  0.636  |   0.773   |  0.710  |   0.863   |  0.677  |   0.765   |  0.684  |   0.853   |
|      BlurBody       |  0.803  |   0.846   |  0.823  |   0.877   |  0.815  |   0.868   |  0.717  |   0.811   |  0.810  |   0.870   |
|      BlurCar1       |  0.834  |   0.900   |  0.805  |   0.908   |  0.831  |   0.925   |  0.828  |   0.895   |  0.817  |   0.875   |
|      BlurCar2       |  0.829  |   0.921   |  0.869  |   0.931   |  0.849  |   0.919   |  0.815  |   0.870   |  0.843  |   0.901   |
|      BlurCar3       |  0.820  |   0.910   |  0.871  |   0.942   |  0.866  |   0.956   |  0.799  |   0.879   |  0.834  |   0.911   |
|      BlurCar4       |  0.828  |   0.895   |  0.884  |   0.920   |  0.888  |   0.923   |  0.844  |   0.874   |  0.828  |   0.828   |
|      BlurFace       |  0.826  |   0.859   |  0.791  |   0.889   |  0.840  |   0.882   |  0.826  |   0.854   |  0.744  |   0.893   |
|       BlurOwl       |  0.842  |   0.920   |  0.802  |   0.893   |  0.820  |   0.915   |  0.836  |   0.927   |  0.769  |   0.858   |
|        Board        |  0.727  |   0.644   |  0.530  |   0.477   |  0.813  |   0.785   |  0.137  |   0.101   |  0.764  |   0.771   |
|        Bolt         |  0.221  |   0.366   |  0.649  |   0.887   |  0.527  |   0.853   |  0.036  |   0.047   |  0.576  |   0.851   |
|        Bolt2        |  0.378  |   0.589   |  0.637  |   0.849   |  0.608  |   0.834   |  0.652  |   0.808   |  0.627  |   0.852   |
|         Box         |  0.759  |   0.806   |  0.817  |   0.903   |  0.858  |   0.905   |  0.581  |   0.674   |  0.750  |   0.861   |
|         Boy         |  0.832  |   0.953   |  0.805  |   0.946   |  0.846  |   0.961   |  0.810  |   0.957   |  0.780  |   0.931   |
|        Car1         |  0.789  |   0.965   |  0.820  |   0.966   |  0.819  |   0.966   |  0.776  |   0.961   |  0.721  |   0.951   |
|        Car2         |  0.831  |   0.950   |  0.862  |   0.949   |  0.850  |   0.941   |  0.832  |   0.951   |  0.829  |   0.943   |
|        Car24        |  0.841  |   0.959   |  0.854  |   0.959   |  0.866  |   0.958   |  0.838  |   0.944   |  0.872  |   0.963   |
|        Car4         |  0.844  |   0.946   |  0.869  |   0.953   |  0.855  |   0.939   |  0.707  |   0.833   |  0.818  |   0.922   |
|       CarDark       |  0.631  |   0.896   |  0.812  |   0.964   |  0.711  |   0.946   |  0.495  |   0.633   |  0.689  |   0.925   |
|      CarScale       |  0.836  |   0.933   |  0.845  |   0.942   |  0.886  |   0.953   |  0.631  |   0.688   |  0.777  |   0.905   |
|       ClifBar       |  0.240  |   0.387   |  0.524  |   0.718   |  0.605  |   0.761   |  0.213  |   0.275   |  0.325  |   0.542   |
|        Coke         |  0.684  |   0.847   |  0.689  |   0.859   |  0.694  |   0.877   |  0.462  |   0.607   |  0.694  |   0.899   |
|       Couple        |  0.680  |   0.932   |  0.721  |   0.916   |  0.758  |   0.938   |  0.705  |   0.905   |  0.733  |   0.905   |
|       Coupon        |  0.614  |   0.626   |  0.344  |   0.371   |  0.414  |   0.434   |  0.325  |   0.347   |  0.319  |   0.348   |
|      Crossing       |  0.769  |   0.948   |  0.764  |   0.963   |  0.800  |   0.962   |  0.787  |   0.960   |  0.750  |   0.943   |
|       Crowds        |  0.692  |   0.918   |  0.735  |   0.922   |  0.082  |   0.104   |  0.674  |   0.885   |  0.659  |   0.901   |
|       Dancer        |  0.721  |   0.887   |  0.768  |   0.861   |  0.677  |   0.851   |  0.773  |   0.893   |  0.708  |   0.848   |
|       Dancer2       |  0.670  |   0.798   |  0.751  |   0.850   |  0.657  |   0.779   |  0.740  |   0.743   |  0.677  |   0.783   |
|        David        |  0.776  |   0.932   |  0.689  |   0.906   |  0.800  |   0.949   |  0.761  |   0.906   |  0.770  |   0.920   |
|       David2        |  0.754  |   0.932   |  0.717  |   0.947   |  0.778  |   0.947   |  0.797  |   0.942   |  0.672  |   0.908   |
|       David3        |  0.620  |   0.893   |  0.713  |   0.903   |  0.679  |   0.901   |  0.718  |   0.870   |  0.675  |   0.874   |
|        Deer         |  0.612  |   0.798   |  0.547  |   0.752   |  0.568  |   0.651   |  0.734  |   0.872   |  0.649  |   0.850   |
|       Diving        |  0.466  |   0.563   |  0.300  |   0.366   |  0.769  |   0.897   |  0.111  |   0.113   |  0.710  |   0.876   |
|         Dog         |  0.414  |   0.829   |  0.490  |   0.855   |  0.351  |   0.766   |  0.392  |   0.884   |  0.424  |   0.818   |
|        Dog1         |  0.833  |   0.953   |  0.850  |   0.957   |  0.880  |   0.958   |  0.815  |   0.918   |  0.839  |   0.938   |
|        Doll         |  0.713  |   0.855   |  0.801  |   0.934   |  0.855  |   0.941   |  0.525  |   0.864   |  0.770  |   0.890   |
|     DragonBaby      |  0.703  |   0.856   |  0.685  |   0.840   |  0.757  |   0.883   |  0.455  |   0.541   |  0.721  |   0.907   |
|        Dudek        |  0.869  |   0.865   |  0.875  |   0.897   |  0.853  |   0.894   |  0.759  |   0.769   |  0.856  |   0.860   |
|      FaceOcc1       |  0.612  |   0.512   |  0.608  |   0.484   |  0.582  |   0.623   |  0.710  |   0.681   |  0.528  |   0.352   |
|      FaceOcc2       |  0.677  |   0.799   |  0.562  |   0.836   |  0.744  |   0.857   |  0.698  |   0.785   |  0.670  |   0.828   |
|        Fish         |  0.815  |   0.932   |  0.832  |   0.925   |  0.868  |   0.934   |  0.744  |   0.837   |  0.807  |   0.926   |
|      FleetFace      |  0.838  |   0.870   |  0.808  |   0.833   |  0.859  |   0.886   |  0.594  |   0.577   |  0.812  |   0.815   |
|      Football       |  0.249  |   0.328   |  0.694  |   0.864   |  0.135  |   0.156   |  0.714  |   0.867   |  0.736  |   0.918   |
|      Football1      |  0.676  |   0.915   |  0.829  |   0.950   |  0.797  |   0.940   |  0.645  |   0.855   |  0.774  |   0.930   |
|      Freeman1       |  0.663  |   0.903   |  0.705  |   0.904   |  0.700  |   0.899   |  0.626  |   0.846   |  0.772  |   0.925   |
|      Freeman3       |  0.822  |   0.958   |  0.809  |   0.960   |  0.804  |   0.953   |  0.768  |   0.965   |  0.802  |   0.963   |
|      Freeman4       |  0.718  |   0.944   |  0.693  |   0.933   |  0.604  |   0.779   |  0.619  |   0.804   |  0.725  |   0.941   |
|        Girl         |  0.780  |   0.937   |  0.767  |   0.941   |  0.729  |   0.944   |  0.634  |   0.871   |  0.750  |   0.935   |
|        Girl2        |  0.263  |   0.333   |  0.623  |   0.713   |  0.632  |   0.855   |  0.580  |   0.643   |  0.493  |   0.619   |
|         Gym         |  0.723  |   0.868   |  0.657  |   0.854   |  0.658  |   0.778   |  0.534  |   0.850   |  0.699  |   0.838   |
|       Human2        |  0.742  |   0.747   |  0.774  |   0.816   |  0.742  |   0.766   |  0.760  |   0.817   |  0.761  |   0.752   |
|       Human3        |  0.636  |   0.837   |  0.744  |   0.925   |  0.754  |   0.935   |  0.015  |   0.022   |  0.222  |   0.278   |
|      Human4-2       |  0.396  |   0.489   |  0.370  |   0.480   |  0.704  |   0.917   |  0.384  |   0.544   |  0.598  |   0.823   |
|       Human5        |  0.763  |   0.929   |  0.788  |   0.933   |  0.767  |   0.935   |  0.737  |   0.897   |  0.760  |   0.936   |
|       Human6        |  0.667  |   0.837   |  0.750  |   0.881   |  0.730  |   0.884   |  0.748  |   0.833   |  0.756  |   0.871   |
|       Human7        |  0.800  |   0.947   |  0.833  |   0.947   |  0.845  |   0.958   |  0.740  |   0.930   |  0.722  |   0.925   |
|       Human8        |  0.830  |   0.955   |  0.804  |   0.954   |  0.843  |   0.960   |  0.062  |   0.132   |  0.759  |   0.947   |
|       Human9        |  0.796  |   0.959   |  0.807  |   0.955   |  0.861  |   0.962   |  0.759  |   0.930   |  0.706  |   0.929   |
|       Ironman       |  0.604  |   0.801   |  0.472  |   0.584   |  0.516  |   0.669   |  0.119  |   0.151   |  0.621  |   0.808   |
|      Jogging-1      |  0.600  |   0.895   |  0.634  |   0.900   |  0.657  |   0.912   |  0.727  |   0.833   |  0.685  |   0.889   |
|      Jogging-2      |  0.746  |   0.914   |  0.773  |   0.930   |  0.739  |   0.941   |  0.744  |   0.893   |  0.728  |   0.862   |
|        Jump         |  0.507  |   0.689   |  0.416  |   0.609   |  0.744  |   0.895   |  0.090  |   0.090   |  0.474  |   0.735   |
|       Jumping       |  0.664  |   0.930   |  0.671  |   0.882   |  0.679  |   0.927   |  0.654  |   0.915   |  0.716  |   0.942   |
|      KiteSurf       |  0.840  |   0.965   |  0.824  |   0.961   |  0.473  |   0.639   |  0.656  |   0.887   |  0.774  |   0.952   |
|       Lemming       |  0.751  |   0.865   |  0.784  |   0.886   |  0.784  |   0.897   |  0.663  |   0.714   |  0.762  |   0.874   |
|       Liquor        |  0.618  |   0.652   |  0.611  |   0.652   |  0.770  |   0.814   |  0.407  |   0.436   |  0.792  |   0.835   |
|         Man         |  0.827  |   0.960   |  0.871  |   0.965   |  0.819  |   0.963   |  0.694  |   0.960   |  0.813  |   0.960   |
|       Matrix        |  0.730  |   0.880   |  0.695  |   0.855   |  0.711  |   0.836   |  0.395  |   0.570   |  0.628  |   0.842   |
|       Mhyang        |  0.788  |   0.913   |  0.723  |   0.953   |  0.770  |   0.938   |  0.792  |   0.935   |  0.752  |   0.921   |
|    MotorRolling     |  0.605  |   0.632   |  0.631  |   0.704   |  0.800  |   0.849   |  0.487  |   0.578   |  0.668  |   0.820   |
|    MountainBike     |  0.777  |   0.919   |  0.811  |   0.918   |  0.649  |   0.841   |  0.720  |   0.868   |  0.770  |   0.902   |
|        Panda        |  0.612  |   0.930   |  0.621  |   0.926   |  0.631  |   0.932   |  0.633  |   0.911   |  0.627  |   0.929   |
|       RedTeam       |  0.649  |   0.948   |  0.748  |   0.950   |  0.745  |   0.948   |  0.681  |   0.942   |  0.725  |   0.953   |
|        Rubik        |  0.716  |   0.773   |  0.712  |   0.751   |  0.694  |   0.756   |  0.691  |   0.751   |  0.735  |   0.804   |
|       Shaking       |  0.700  |   0.846   |  0.802  |   0.902   |  0.632  |   0.734   |  0.712  |   0.866   |  0.784  |   0.885   |
|       Singer1       |  0.769  |   0.845   |  0.768  |   0.862   |  0.747  |   0.896   |  0.670  |   0.801   |  0.672  |   0.759   |
|       Singer2       |  0.472  |   0.277   |  0.687  |   0.672   |  0.442  |   0.334   |  0.066  |   0.037   |  0.480  |   0.324   |
|       Skater        |  0.682  |   0.780   |  0.740  |   0.878   |  0.707  |   0.836   |  0.653  |   0.843   |  0.715  |   0.806   |
|       Skater2       |  0.679  |   0.867   |  0.698  |   0.835   |  0.681  |   0.867   |  0.623  |   0.809   |  0.689  |   0.837   |
|      Skating1       |  0.301  |   0.384   |  0.341  |   0.406   |  0.340  |   0.458   |  0.353  |   0.679   |  0.712  |   0.859   |
|     Skating2-1      |  0.533  |   0.676   |  0.449  |   0.552   |  0.561  |   0.676   |  0.317  |   0.398   |  0.534  |   0.692   |
|     Skating2-2      |  0.597  |   0.618   |  0.450  |   0.447   |  0.604  |   0.622   |  0.522  |   0.532   |  0.562  |   0.566   |
|       Skiing        |  0.500  |   0.931   |  0.607  |   0.927   |  0.612  |   0.907   |  0.257  |   0.387   |  0.544  |   0.915   |
|       Soccer        |  0.202  |   0.279   |  0.189  |   0.277   |  0.409  |   0.517   |  0.157  |   0.177   |  0.349  |   0.457   |
|       Subway        |  0.292  |   0.426   |  0.785  |   0.945   |  0.793  |   0.956   |  0.770  |   0.940   |  0.708  |   0.920   |
|       Surfer        |  0.550  |   0.650   |  0.704  |   0.919   |  0.735  |   0.930   |  0.616  |   0.883   |  0.703  |   0.935   |
|         Suv         |  0.658  |   0.850   |  0.649  |   0.802   |  0.728  |   0.863   |  0.495  |   0.621   |  0.700  |   0.885   |
|      Sylvester      |  0.701  |   0.869   |  0.759  |   0.907   |  0.761  |   0.898   |  0.685  |   0.840   |  0.751  |   0.896   |
|       Tiger1        |  0.551  |   0.728   |  0.583  |   0.706   |  0.597  |   0.710   |  0.571  |   0.634   |  0.722  |   0.802   |
|       Tiger2        |  0.588  |   0.711   |  0.642  |   0.732   |  0.646  |   0.766   |  0.545  |   0.626   |  0.693  |   0.795   |
|         Toy         |  0.735  |   0.861   |  0.638  |   0.842   |  0.721  |   0.826   |  0.466  |   0.695   |  0.658  |   0.796   |
|        Trans        |  0.805  |   0.785   |  0.675  |   0.654   |  0.724  |   0.611   |  0.563  |   0.387   |  0.773  |   0.720   |
|       Trellis       |  0.728  |   0.913   |  0.742  |   0.906   |  0.507  |   0.909   |  0.571  |   0.690   |  0.665  |   0.898   |
|      Twinnings      |  0.731  |   0.940   |  0.719  |   0.935   |  0.838  |   0.949   |  0.569  |   0.751   |  0.710  |   0.932   |
|        Vase         |  0.684  |   0.763   |  0.569  |   0.702   |  0.701  |   0.747   |  0.593  |   0.758   |  0.644  |   0.767   |
|       Walking       |  0.725  |   0.927   |  0.719  |   0.944   |  0.772  |   0.954   |  0.736  |   0.956   |  0.675  |   0.907   |
|      Walking2       |  0.308  |   0.384   |  0.380  |   0.513   |  0.797  |   0.947   |  0.311  |   0.362   |  0.268  |   0.363   |
|        Woman        |  0.652  |   0.882   |  0.616  |   0.908   |  0.606  |   0.887   |  0.545  |   0.872   |  0.620  |   0.873   |
-------------------------------------------------------------------------------------------------------------------------------------

