type,date time,latitude,longitude,accuracy(m),altitude(m),geoid_height(m),speed(m/s),bearing(deg),sat_used,sat_inview,name,desc
T,2023-05-08 10:07:19,37.74687285,112.71518407,2.00,803.950,-17.950,1.010,116,31,39,20230508-180719,GPS Logger: 20230508-180719
T,2023-05-08 10:07:20,37.74686799,112.71519170,2.00,803.950,-17.950,0.950,102,26,38,,
T,2023-05-08 10:07:21,37.74686971,112.71520084,2.00,803.950,-17.950,0.960,83,29,39,,
T,2023-05-08 10:07:22,37.74687088,112.71521157,2.00,803.950,-17.950,0.540,82,31,39,,
T,2023-05-08 10:07:23,37.74687214,112.71522171,2.00,802.950,-17.950,0.750,95,31,39,,
T,2023-05-08 10:07:24,37.74687356,112.71522774,2.00,802.950,-17.950,0.130,94,26,40,,
T,2023-05-08 10:07:25,37.74686933,112.71522967,2.00,803.950,-17.950,0.310,94,31,39,,
T,2023-05-08 10:07:26,37.74686870,112.71522976,2.00,802.950,-17.950,0.330,94,30,41,,
T,2023-05-08 10:07:27,37.74686962,112.71522565,2.00,802.950,-17.950,0.280,94,30,41,,
T,2023-05-08 10:07:28,37.74687071,112.71522573,2.00,802.950,-17.950,0.510,94,30,41,,
T,2023-05-08 10:07:29,37.74687537,112.71522615,2.00,802.950,-17.950,0.380,94,30,41,,
T,2023-05-08 10:07:30,37.74687595,112.71522691,2.00,802.950,-17.950,0.060,94,30,41,,
T,2023-05-08 10:07:31,37.74687742,112.71522062,2.50,802.950,-17.950,0.000,,30,41,,
T,2023-05-08 10:07:32,37.74687742,112.71522062,2.00,802.950,-17.950,0.000,,30,41,,
T,2023-05-08 10:07:33,37.74687742,112.71522062,2.00,802.950,-17.950,0.000,,28,39,,
T,2023-05-08 10:07:34,37.74687742,112.71522062,2.00,802.950,-17.950,0.000,,27,40,,
T,2023-05-08 10:07:35,37.74687633,112.71522037,2.00,802.950,-17.950,0.430,94,30,40,,
T,2023-05-08 10:07:36,37.74687327,112.71522523,2.00,802.950,-17.950,0.240,94,29,40,,
T,2023-05-08 10:07:37,37.74687025,112.71523261,2.00,802.950,-17.950,0.440,94,27,40,,
T,2023-05-08 10:07:38,37.74686640,112.71523730,2.00,802.950,-17.950,0.170,94,29,40,,
T,2023-05-08 10:07:39,37.74687008,112.71523302,2.50,802.950,-17.950,0.520,94,29,40,,
T,2023-05-08 10:07:40,37.74687595,112.71523210,2.50,802.950,-17.950,0.140,94,28,40,,
T,2023-05-08 10:07:41,37.74687805,112.71522649,2.00,802.950,-17.950,0.330,94,29,40,,
T,2023-05-08 10:07:42,37.74687922,112.71522213,2.00,802.950,-17.950,0.780,94,29,40,,
T,2023-05-08 10:07:43,37.74687914,112.71521475,2.00,802.950,-17.950,0.700,94,29,40,,
T,2023-05-08 10:07:44,37.74687742,112.71521048,2.00,802.950,-17.950,0.270,94,30,40,,
T,2023-05-08 10:07:45,37.74687901,112.71521601,2.00,802.950,-17.950,0.480,94,30,40,,
T,2023-05-08 10:07:46,37.74687658,112.71521517,2.00,802.950,-17.950,0.260,94,30,38,,
T,2023-05-08 10:07:47,37.74687746,112.71521341,2.00,802.950,-17.950,0.230,94,29,39,,
T,2023-05-08 10:07:48,37.74687692,112.71521970,2.00,802.950,-17.950,0.000,,30,40,,
T,2023-05-08 10:07:49,37.74687692,112.71521970,2.00,802.950,-17.950,0.000,,30,40,,
T,2023-05-08 10:07:50,37.74687692,112.71521970,2.00,802.950,-17.950,0.000,,30,40,,
T,2023-05-08 10:07:51,37.74687692,112.71521970,2.00,802.950,-17.950,0.000,,30,40,,
T,2023-05-08 10:07:52,37.74687692,112.71521970,2.00,802.950,-17.950,0.000,,29,40,,
T,2023-05-08 10:07:53,37.74687692,112.71521970,2.00,802.950,-17.950,0.000,,29,41,,
T,2023-05-08 10:07:54,37.74687692,112.71521970,2.00,802.950,-17.950,0.000,,30,41,,
T,2023-05-08 10:07:55,37.74687692,112.71521970,2.00,802.950,-17.950,0.000,,29,40,,
T,2023-05-08 10:07:56,37.74687692,112.71521970,2.50,802.950,-17.950,0.000,,29,41,,
T,2023-05-08 10:07:57,37.74687692,112.71521970,2.50,802.950,-17.950,0.000,,30,41,,
T,2023-05-08 10:07:58,37.74687692,112.71521970,2.50,802.950,-17.950,0.000,,28,41,,
T,2023-05-08 10:07:59,37.74687692,112.71521970,2.00,802.950,-17.950,0.000,,27,41,,
T,2023-05-08 10:08:00,37.74687692,112.71521970,2.50,802.950,-17.950,0.000,,24,40,,
T,2023-05-08 10:08:01,37.74687692,112.71521970,2.00,802.950,-17.950,0.000,,29,41,,
T,2023-05-08 10:08:02,37.74687692,112.71521970,2.00,802.950,-17.950,0.000,,30,40,,
T,2023-05-08 10:08:03,37.74687692,112.71521970,2.00,802.950,-17.950,0.000,,29,41,,
T,2023-05-08 10:08:04,37.74687692,112.71521970,2.00,802.950,-17.950,0.000,,29,41,,
T,2023-05-08 10:08:05,37.74687692,112.71521970,2.00,802.950,-17.950,0.000,,28,41,,
T,2023-05-08 10:08:06,37.74686958,112.71522104,2.00,802.950,-17.950,0.730,176,30,41,,
T,2023-05-08 10:08:07,37.74686149,112.71522112,2.00,803.950,-17.950,0.960,170,27,41,,
T,2023-05-08 10:08:08,37.74684942,112.71522439,2.00,802.950,-17.950,0.850,173,26,41,,
T,2023-05-08 10:08:09,37.74684025,112.71522615,2.00,802.950,-17.950,0.950,181,28,41,,
T,2023-05-08 10:08:10,37.74683144,112.71523453,2.00,802.950,-17.950,1.090,178,28,41,,
T,2023-05-08 10:08:11,37.74682168,112.71523629,2.00,803.950,-17.950,1.050,176,29,41,,
T,2023-05-08 10:08:12,37.74681015,112.71523998,2.00,803.950,-17.950,0.930,178,27,40,,
T,2023-05-08 10:08:13,37.74680211,112.71523261,2.00,804.950,-17.950,0.760,181,29,40,,
T,2023-05-08 10:08:14,37.74679289,112.71523437,2.00,804.950,-17.950,0.530,177,27,40,,
T,2023-05-08 10:08:15,37.74678974,112.71523596,2.00,805.950,-17.950,0.560,172,29,40,,
T,2023-05-08 10:08:16,37.74678564,112.71523462,2.00,805.950,-17.950,0.780,167,29,40,,
T,2023-05-08 10:08:17,37.74677952,112.71523210,2.00,805.950,-17.950,0.550,177,30,40,,
T,2023-05-08 10:08:18,37.74677306,112.71523286,2.00,805.950,-17.950,0.650,178,30,40,,
T,2023-05-08 10:08:19,37.74677139,112.71523478,2.00,805.950,-17.950,0.370,181,30,40,,
T,2023-05-08 10:08:20,37.74676636,112.71523336,2.00,804.950,-17.950,0.360,186,29,40,,
T,2023-05-08 10:08:21,37.74676259,112.71523713,2.00,804.950,-17.950,0.000,,29,40,,
T,2023-05-08 10:08:22,37.74675726,112.71523822,2.00,804.950,-17.950,0.550,175,30,40,,
T,2023-05-08 10:08:23,37.74675584,112.71523604,2.00,804.950,-17.950,0.400,175,30,40,,
T,2023-05-08 10:08:24,37.74674792,112.71523830,2.00,805.950,-17.950,0.400,173,30,40,,
T,2023-05-08 10:08:25,37.74674067,112.71524107,2.00,804.950,-17.950,0.540,175,30,40,,
T,2023-05-08 10:08:26,37.74673053,112.71524283,2.00,804.950,-17.950,0.880,174,30,40,,
T,2023-05-08 10:08:27,37.74671858,112.71524275,1.50,804.950,-17.950,1.050,178,30,41,,
T,2023-05-08 10:08:28,37.74670701,112.71524350,1.50,804.950,-17.950,0.620,183,30,40,,
T,2023-05-08 10:08:29,37.74670538,112.71524367,2.00,804.950,-17.950,0.230,186,31,41,,
T,2023-05-08 10:08:30,37.74670312,112.71524007,2.00,805.950,-17.950,0.270,186,30,42,,
T,2023-05-08 10:08:31,37.74670178,112.71523898,2.00,804.950,-17.950,0.000,,31,42,,
T,2023-05-08 10:08:32,37.74669536,112.71523747,1.50,805.950,-17.950,0.840,183,31,42,,
T,2023-05-08 10:08:33,37.74668971,112.71523763,1.50,805.950,-17.950,0.870,173,31,42,,
T,2023-05-08 10:08:34,37.74668355,112.71523990,1.50,806.950,-17.950,0.960,167,31,42,,
T,2023-05-08 10:08:35,37.74667386,112.71523898,2.00,806.950,-17.950,0.660,168,31,42,,
T,2023-05-08 10:08:36,37.74666758,112.71524191,1.50,806.950,-17.950,1.090,179,31,42,,
T,2023-05-08 10:08:37,37.74666184,112.71523914,2.00,807.950,-17.950,1.040,179,31,42,,
T,2023-05-08 10:08:38,37.74665157,112.71524090,1.50,807.950,-17.950,1.140,172,31,42,,
T,2023-05-08 10:08:39,37.74664373,112.71524250,2.00,807.950,-17.950,0.620,173,31,42,,
T,2023-05-08 10:08:40,37.74663359,112.71524233,2.00,807.950,-17.950,1.060,177,31,42,,
T,2023-05-08 10:08:41,37.74661905,112.71524434,2.00,807.950,-17.950,1.030,176,30,42,,
T,2023-05-08 10:08:42,37.74660802,112.71524794,2.00,807.950,-17.950,0.690,170,29,41,,
T,2023-05-08 10:08:43,37.74659176,112.71525205,2.00,807.950,-17.950,1.620,181,28,41,,
T,2023-05-08 10:08:44,37.74657932,112.71525532,2.00,806.950,-17.950,0.900,177,29,41,,
T,2023-05-08 10:08:45,37.74657668,112.71525649,2.00,806.950,-17.950,0.410,176,28,42,,
T,2023-05-08 10:08:46,37.74656909,112.71525566,2.00,806.950,-17.950,0.440,177,21,42,,
T,2023-05-08 10:08:47,37.74656829,112.71525373,2.00,806.950,-17.950,1.050,172,31,41,,
T,2023-05-08 10:08:48,37.74656054,112.71525297,2.00,806.950,-17.950,0.550,175,27,41,,
T,2023-05-08 10:08:49,37.74655710,112.71525742,2.00,806.950,-17.950,0.310,174,27,41,,
T,2023-05-08 10:08:50,37.74655966,112.71525322,2.00,806.950,-17.950,0.060,174,31,41,,
T,2023-05-08 10:08:51,37.74655920,112.71524954,2.00,806.950,-17.950,0.000,,31,41,,
T,2023-05-08 10:08:52,37.74655920,112.71524954,2.00,806.950,-17.950,0.000,,31,39,,
T,2023-05-08 10:08:53,37.74655643,112.71523805,1.50,805.950,-17.950,1.140,245,31,40,,
T,2023-05-08 10:08:54,37.74655199,112.71522950,2.00,806.950,-17.950,0.960,253,31,41,,
T,2023-05-08 10:08:55,37.74655371,112.71521869,1.50,805.950,-17.950,0.780,267,31,41,,
T,2023-05-08 10:08:56,37.74655451,112.71521073,1.50,805.950,-17.950,0.680,270,30,41,,
T,2023-05-08 10:08:57,37.74655425,112.71520754,1.50,805.950,-17.950,0.350,277,31,41,,
T,2023-05-08 10:08:58,37.74655233,112.71520503,1.50,805.950,-17.950,0.490,281,30,41,,
T,2023-05-08 10:08:59,37.74655656,112.71519816,1.50,805.950,-17.950,0.630,278,30,41,,
T,2023-05-08 10:09:00,37.74655769,112.71518642,1.50,805.950,-17.950,1.040,263,30,40,,
T,2023-05-08 10:09:01,37.74656167,112.71518013,2.00,805.950,-17.950,0.570,265,29,40,,
T,2023-05-08 10:09:02,37.74656301,112.71517125,2.00,804.950,-17.950,0.940,257,29,40,,
T,2023-05-08 10:09:03,37.74656352,112.71516840,1.50,804.950,-17.950,0.490,254,29,40,,
T,2023-05-08 10:09:04,37.74656155,112.71516253,1.50,804.950,-17.950,0.700,255,31,40,,
T,2023-05-08 10:09:05,37.74655706,112.71515164,1.50,804.950,-17.950,1.090,268,31,40,,
T,2023-05-08 10:09:06,37.74655866,112.71514283,2.00,804.950,-17.950,0.630,270,29,40,,
T,2023-05-08 10:09:07,37.74656071,112.71513856,2.00,804.950,-17.950,0.510,266,29,40,,
T,2023-05-08 10:09:08,37.74655828,112.71513387,2.00,804.950,-17.950,0.590,259,31,40,,
T,2023-05-08 10:09:09,37.74655518,112.71512867,2.00,804.950,-17.950,0.680,262,30,40,,
T,2023-05-08 10:09:10,37.74655480,112.71512456,1.50,803.950,-17.950,0.200,261,30,40,,
T,2023-05-08 10:09:11,37.74655539,112.71512071,2.00,803.950,-17.950,0.510,257,30,40,,
T,2023-05-08 10:09:12,37.74655425,112.71511467,2.00,803.950,-17.950,0.510,264,31,40,,
T,2023-05-08 10:09:13,37.74655325,112.71510746,2.00,802.950,-17.950,0.780,264,29,40,,
T,2023-05-08 10:09:14,37.74655132,112.71509615,2.00,802.951,-17.951,1.060,264,27,40,,
T,2023-05-08 10:09:15,37.74655069,112.71508483,2.00,803.951,-17.951,0.870,264,30,40,,
T,2023-05-08 10:09:16,37.74654801,112.71507251,2.00,802.951,-17.951,1.070,260,31,40,,
T,2023-05-08 10:09:17,37.74654721,112.71506061,2.00,802.951,-17.951,1.110,259,30,40,,
T,2023-05-08 10:09:18,37.74654705,112.71504586,2.00,802.951,-17.951,1.670,265,29,40,,
T,2023-05-08 10:09:19,37.74654776,112.71503010,2.00,802.951,-17.951,0.670,266,30,40,,
T,2023-05-08 10:09:20,37.74654893,112.71502675,2.00,802.951,-17.951,0.270,268,29,40,,
T,2023-05-08 10:09:21,37.74655153,112.71501945,2.00,802.951,-17.951,0.900,268,31,40,,
T,2023-05-08 10:09:22,37.74655069,112.71501300,1.50,802.951,-17.951,0.370,269,30,39,,
T,2023-05-08 10:09:23,37.74655023,112.71500428,2.00,802.951,-17.951,0.980,269,31,40,,
T,2023-05-08 10:09:24,37.74654927,112.71499313,2.00,801.951,-17.951,0.940,269,31,40,,
T,2023-05-08 10:09:25,37.74654730,112.71498433,2.00,801.951,-17.951,0.470,269,31,41,,
T,2023-05-08 10:09:26,37.74654688,112.71497503,2.00,801.951,-17.951,0.410,269,27,41,,
T,2023-05-08 10:09:27,37.74654365,112.71497360,2.00,800.951,-17.951,0.240,269,31,41,,
T,2023-05-08 10:09:28,37.74654403,112.71497956,1.50,800.951,-17.951,0.550,54,30,41,,
T,2023-05-08 10:09:29,37.74654411,112.71498257,2.00,799.951,-17.951,0.710,181,29,41,,
T,2023-05-08 10:09:30,37.74654441,112.71497520,2.00,799.951,-17.951,1.300,279,31,41,,
T,2023-05-08 10:09:31,37.74654361,112.71495734,2.00,799.951,-17.951,2.150,276,32,41,,
T,2023-05-08 10:09:32,37.74654730,112.71494762,2.00,799.951,-17.951,0.400,318,30,41,,
T,2023-05-08 10:09:33,37.74654441,112.71494670,2.00,800.951,-17.951,0.350,350,31,41,,
T,2023-05-08 10:09:34,37.74653929,112.71494770,2.00,800.951,-17.951,0.270,20,31,41,,
T,2023-05-08 10:09:35,37.74653799,112.71494628,2.00,800.951,-17.951,0.350,23,29,41,,
T,2023-05-08 10:09:36,37.74653950,112.71493555,2.00,800.951,-17.951,0.000,,31,41,,
T,2023-05-08 10:09:37,37.74653950,112.71493555,2.00,800.951,-17.951,0.000,,31,41,,
T,2023-05-08 10:09:38,37.74654189,112.71493027,2.00,800.951,-17.951,0.460,5,31,41,,
T,2023-05-08 10:09:39,37.74654441,112.71492457,2.00,800.951,-17.951,0.570,296,32,41,,
T,2023-05-08 10:09:40,37.74654327,112.71491543,1.50,800.951,-17.951,1.010,282,32,41,,
T,2023-05-08 10:09:41,37.74654516,112.71490353,2.00,800.951,-17.951,0.600,279,32,40,,
T,2023-05-08 10:09:42,37.74654835,112.71489825,2.00,800.951,-17.951,0.420,278,27,40,,
T,2023-05-08 10:09:43,37.74654906,112.71490336,1.50,799.951,-17.951,0.170,276,30,40,,
T,2023-05-08 10:09:44,37.74654948,112.71490353,2.00,799.951,-17.951,0.420,276,29,40,,
T,2023-05-08 10:09:45,37.74654868,112.71491015,2.00,799.951,-17.951,0.130,276,29,40,,
T,2023-05-08 10:09:46,37.74654675,112.71490772,2.00,799.951,-17.951,0.410,256,30,41,,
T,2023-05-08 10:09:47,37.74654843,112.71490496,2.00,799.951,-17.951,0.870,305,31,41,,
T,2023-05-08 10:09:48,37.74655384,112.71489632,2.00,800.951,-17.951,0.420,313,31,41,,
T,2023-05-08 10:09:49,37.74656130,112.71489440,2.00,800.951,-17.951,0.180,316,31,41,,
T,2023-05-08 10:09:50,37.74656096,112.71489481,2.00,800.951,-17.951,0.010,318,32,41,,
T,2023-05-08 10:09:51,37.74656109,112.71489448,2.00,800.951,-17.951,0.000,,32,41,,
T,2023-05-08 10:09:52,37.74656109,112.71489448,2.00,800.951,-17.951,0.000,,31,41,,
T,2023-05-08 10:09:53,37.74656109,112.71489448,1.50,800.951,-17.951,0.000,,29,41,,
T,2023-05-08 10:09:54,37.74656109,112.71489448,2.00,800.951,-17.951,0.000,,32,41,,
T,2023-05-08 10:09:55,37.74656327,112.71491082,2.00,799.951,-17.951,0.370,326,31,41,,
T,2023-05-08 10:09:56,37.74656582,112.71491250,2.00,799.951,-17.951,0.340,340,30,41,,
T,2023-05-08 10:09:57,37.74657039,112.71490932,2.00,799.951,-17.951,0.170,341,31,41,,
T,2023-05-08 10:09:58,37.74656884,112.71491250,2.00,799.951,-17.951,0.000,,31,41,,
T,2023-05-08 10:09:59,37.74656884,112.71491250,2.00,799.951,-17.951,0.000,,32,41,,
T,2023-05-08 10:10:00,37.74656884,112.71491250,2.00,799.951,-17.951,0.000,,31,41,,
T,2023-05-08 10:10:01,37.74656884,112.71491250,2.00,799.951,-17.951,0.000,,32,41,,
T,2023-05-08 10:10:02,37.74656884,112.71491250,1.50,799.951,-17.951,0.000,,31,41,,
T,2023-05-08 10:10:03,37.74656209,112.71491501,2.00,799.951,-17.951,0.120,341,32,40,,
T,2023-05-08 10:10:04,37.74656201,112.71491761,2.00,800.951,-17.951,0.240,354,31,40,,
T,2023-05-08 10:10:05,37.74656251,112.71491837,2.00,800.951,-17.951,0.010,354,32,41,,
T,2023-05-08 10:10:06,37.74656503,112.71491535,2.00,800.951,-17.951,0.000,,28,41,,
T,2023-05-08 10:10:07,37.74656503,112.71491535,2.00,800.951,-17.951,0.000,,29,41,,
T,2023-05-08 10:10:08,37.74656503,112.71491535,2.00,800.951,-17.951,0.000,,30,41,,
T,2023-05-08 10:10:09,37.74656503,112.71491535,2.00,800.951,-17.951,0.000,,32,41,,
T,2023-05-08 10:10:10,37.74656503,112.71491535,2.00,800.951,-17.951,0.000,,30,41,,
T,2023-05-08 10:10:11,37.74656503,112.71491535,2.00,800.951,-17.951,0.000,,29,41,,
T,2023-05-08 10:10:12,37.74656503,112.71491535,2.00,800.951,-17.951,0.000,,32,41,,
T,2023-05-08 10:10:13,37.74656503,112.71491535,2.00,800.951,-17.951,0.000,,24,41,,
T,2023-05-08 10:10:14,37.74656503,112.71491535,2.00,800.951,-17.951,0.000,,30,40,,
T,2023-05-08 10:10:15,37.74655430,112.71489934,2.00,801.951,-17.951,0.550,229,30,39,,
T,2023-05-08 10:10:16,37.74654805,112.71489708,2.00,800.951,-17.951,0.560,205,30,41,,
T,2023-05-08 10:10:17,37.74654788,112.71489976,2.00,800.951,-17.951,0.570,167,30,41,,
T,2023-05-08 10:10:18,37.74655245,112.71490294,2.00,801.951,-17.951,0.790,79,32,42,,
T,2023-05-08 10:10:19,37.74655614,112.71490437,2.00,801.951,-17.951,0.250,34,30,42,,
T,2023-05-08 10:10:20,37.74655631,112.71489699,2.00,801.951,-17.951,0.770,293,30,42,,
