type,date time,latitude,longitude,accuracy(m),altitude(m),geoid_height(m),speed(m/s),bearing(deg),sat_used,sat_inview,name,desc
T,2023-05-08 10:10:23,37.74655899,112.71489507,2.50,800.951,-17.951,0.190,185,28,41,20230508-181023,GPS Logger: 20230508-181023
T,2023-05-08 10:10:24,37.74656171,112.71489188,2.50,800.951,-17.951,0.000,,31,42,,
T,2023-05-08 10:10:25,37.74656171,112.71489188,2.50,800.951,-17.951,0.000,,28,42,,
T,2023-05-08 10:10:26,37.74656171,112.71489188,2.50,800.951,-17.951,0.000,,32,42,,
T,2023-05-08 10:10:27,37.74656171,112.71489188,2.50,800.951,-17.951,0.000,,29,41,,
T,2023-05-08 10:10:28,37.74656171,112.71489188,2.00,800.951,-17.951,0.000,,31,40,,
T,2023-05-08 10:10:29,37.74656171,112.71489188,2.00,800.951,-17.951,0.000,,29,40,,
T,2023-05-08 10:10:30,37.74655945,112.71489280,2.00,798.951,-17.951,0.500,208,29,40,,
T,2023-05-08 10:10:31,37.74655669,112.71489054,2.50,798.951,-17.951,0.150,205,24,40,,
T,2023-05-08 10:10:32,37.74655677,112.71489071,2.00,798.951,-17.951,0.000,,32,40,,
T,2023-05-08 10:10:33,37.74655979,112.71489389,2.50,798.951,-17.951,0.310,232,31,40,,
T,2023-05-08 10:10:34,37.74656385,112.71489766,1.50,798.951,-17.951,0.000,,31,40,,
T,2023-05-08 10:10:35,37.74656385,112.71489766,2.00,798.951,-17.951,0.000,,28,39,,
T,2023-05-08 10:10:36,37.74655928,112.71489708,2.00,798.951,-17.951,1.110,230,28,40,,
T,2023-05-08 10:10:37,37.74655413,112.71489657,2.00,799.951,-17.951,0.600,197,28,40,,
T,2023-05-08 10:10:38,37.74654260,112.71489758,2.00,799.951,-17.951,1.120,172,31,41,,
T,2023-05-08 10:10:39,37.74653812,112.71490403,2.00,799.951,-17.951,0.850,115,32,40,,
T,2023-05-08 10:10:40,37.74653992,112.71491535,2.00,800.951,-17.951,0.850,106,31,40,,
T,2023-05-08 10:10:41,37.74654160,112.71491929,2.00,800.951,-17.951,0.760,163,30,40,,
T,2023-05-08 10:10:42,37.74653862,112.71491149,2.50,801.951,-17.951,0.630,208,31,40,,
T,2023-05-08 10:10:43,37.74653401,112.71490445,2.50,801.951,-17.951,0.020,222,31,41,,
T,2023-05-08 10:10:44,37.74653498,112.71490454,2.50,801.951,-17.951,0.140,231,31,41,,
T,2023-05-08 10:10:45,37.74653120,112.71490286,2.50,801.951,-17.951,0.060,236,32,41,,
T,2023-05-08 10:10:46,37.74653070,112.71490118,2.50,800.951,-17.951,0.000,,29,41,,
T,2023-05-08 10:10:47,37.74652240,112.71489297,2.00,800.951,-17.951,1.540,212,27,41,,
T,2023-05-08 10:10:48,37.74651100,112.71488719,2.00,800.951,-17.951,1.350,197,32,41,,
T,2023-05-08 10:10:49,37.74649801,112.71488761,2.00,800.951,-17.951,1.360,184,32,41,,
T,2023-05-08 10:10:50,37.74648502,112.71488702,2.00,801.951,-17.951,1.440,181,31,41,,
T,2023-05-08 10:10:51,37.74646968,112.71488585,2.00,801.951,-17.951,1.800,178,32,40,,
T,2023-05-08 10:10:52,37.74645208,112.71489029,2.00,801.951,-17.951,1.760,175,32,40,,
T,2023-05-08 10:10:53,37.74643770,112.71489440,2.00,801.951,-17.951,1.680,171,32,40,,
T,2023-05-08 10:10:54,37.74642266,112.71489515,2.00,801.951,-17.951,1.810,179,31,39,,
T,2023-05-08 10:10:55,37.74640698,112.71489716,2.00,801.951,-17.951,1.590,179,31,40,,
T,2023-05-08 10:10:56,37.74639475,112.71489875,2.00,801.951,-17.951,1.570,174,32,39,,
T,2023-05-08 10:10:57,37.74637870,112.71490102,2.50,801.951,-17.951,1.650,173,31,39,,
T,2023-05-08 10:10:58,37.74636352,112.71490848,2.50,801.951,-17.951,1.550,172,31,39,,
T,2023-05-08 10:10:59,37.74635179,112.71491451,2.50,801.951,-17.951,1.430,168,32,39,,
T,2023-05-08 10:11:00,37.74634127,112.71491921,2.50,801.951,-17.951,0.440,165,32,39,,
T,2023-05-08 10:11:01,37.74633674,112.71492080,2.50,801.951,-17.951,0.590,165,26,39,,
T,2023-05-08 10:11:02,37.74632459,112.71492323,3.00,800.951,-17.951,0.700,172,27,39,,
T,2023-05-08 10:11:03,37.74631227,112.71492633,3.00,799.951,-17.951,0.720,176,29,39,,
T,2023-05-08 10:11:04,37.74629735,112.71492943,3.00,799.951,-17.951,0.960,166,25,39,,
T,2023-05-08 10:11:05,37.74628323,112.71494083,2.50,799.951,-17.951,1.080,148,28,39,,
T,2023-05-08 10:11:06,37.74627233,112.71494603,3.00,799.951,-17.951,0.960,141,31,39,,
T,2023-05-08 10:11:07,37.74626194,112.71495801,2.50,799.951,-17.951,1.080,132,31,39,,
T,2023-05-08 10:11:08,37.74625536,112.71497243,3.00,799.951,-17.951,1.230,109,31,39,,
T,2023-05-08 10:11:09,37.74625565,112.71497763,3.00,799.951,-17.951,0.490,95,31,39,,
T,2023-05-08 10:11:10,37.74625288,112.71496849,2.50,800.951,-17.951,0.350,87,31,39,,
T,2023-05-08 10:11:11,37.74625045,112.71496648,3.00,801.951,-17.951,0.200,75,30,39,,
T,2023-05-08 10:11:12,37.74625280,112.71495583,3.00,802.951,-17.951,0.420,86,29,40,,
T,2023-05-08 10:11:13,37.74625096,112.71494469,3.00,802.951,-17.951,0.670,245,30,40,,
T,2023-05-08 10:11:14,37.74624572,112.71493672,3.00,802.951,-17.951,0.340,274,32,40,,
T,2023-05-08 10:11:15,37.74624551,112.71492943,3.50,801.951,-17.951,0.870,281,30,40,,
T,2023-05-08 10:11:16,37.74624484,112.71491594,3.00,801.951,-17.951,1.110,273,32,40,,
T,2023-05-08 10:11:17,37.74624132,112.71490253,3.00,801.951,-17.951,1.120,274,32,40,,
T,2023-05-08 10:11:18,37.74624153,112.71489398,2.50,801.951,-17.951,0.680,278,32,40,,
T,2023-05-08 10:11:19,37.74623578,112.71488828,2.50,801.951,-17.951,0.660,258,32,40,,
T,2023-05-08 10:11:20,37.74623252,112.71488073,2.50,802.951,-17.951,0.730,262,31,40,,
T,2023-05-08 10:11:21,37.74623105,112.71486900,2.00,801.952,-17.952,0.260,262,28,41,,
T,2023-05-08 10:11:22,37.74623092,112.71486741,2.00,801.952,-17.952,0.020,261,30,41,,
T,2023-05-08 10:11:23,37.74623071,112.71486062,2.00,801.952,-17.952,0.360,252,30,41,,
T,2023-05-08 10:11:24,37.74622778,112.71485961,2.00,801.952,-17.952,0.000,,30,41,,
T,2023-05-08 10:11:25,37.74622778,112.71485961,2.00,801.952,-17.952,0.000,,32,42,,
T,2023-05-08 10:11:26,37.74622778,112.71485961,2.00,801.952,-17.952,0.000,,32,43,,
T,2023-05-08 10:11:27,37.74622778,112.71485961,2.50,801.952,-17.952,0.000,,32,42,,
T,2023-05-08 10:11:28,37.74622778,112.71485961,2.00,801.952,-17.952,0.000,,31,43,,
T,2023-05-08 10:11:29,37.74622778,112.71485961,1.50,801.952,-17.952,0.000,,32,43,,
T,2023-05-08 10:11:30,37.74623289,112.71486028,1.50,799.952,-17.952,0.230,268,30,43,,
T,2023-05-08 10:11:31,37.74623289,112.71486606,2.00,799.952,-17.952,0.330,260,30,43,,
T,2023-05-08 10:11:32,37.74623067,112.71486204,1.50,799.952,-17.952,0.250,252,31,43,,
T,2023-05-08 10:11:33,37.74622610,112.71486011,1.50,798.952,-17.952,0.040,251,32,42,,
T,2023-05-08 10:11:34,37.74622363,112.71485726,1.50,799.952,-17.952,0.000,,30,42,,
T,2023-05-08 10:11:35,37.74622363,112.71485726,2.00,799.952,-17.952,0.000,,32,44,,
T,2023-05-08 10:11:36,37.74622363,112.71485726,2.00,799.952,-17.952,0.000,,32,44,,
T,2023-05-08 10:11:37,37.74622661,112.71485785,2.00,799.952,-17.952,0.050,252,31,44,,
T,2023-05-08 10:11:38,37.74622845,112.71485609,1.50,799.952,-17.952,0.000,,31,44,,
T,2023-05-08 10:11:39,37.74622845,112.71485609,1.50,799.952,-17.952,0.000,,32,44,,
T,2023-05-08 10:11:40,37.74622841,112.71485609,1.50,799.952,-17.952,0.000,,32,44,,
T,2023-05-08 10:11:41,37.74622954,112.71485710,2.00,799.952,-17.952,0.000,,31,43,,
T,2023-05-08 10:11:42,37.74622954,112.71485710,1.50,799.952,-17.952,0.000,,29,43,,
T,2023-05-08 10:11:43,37.74623029,112.71486154,1.50,799.952,-17.952,0.910,38,31,43,,
T,2023-05-08 10:11:44,37.74623310,112.71486439,1.50,799.952,-17.952,0.310,42,31,43,,
T,2023-05-08 10:11:45,37.74623465,112.71486565,2.00,799.952,-17.952,0.080,45,31,43,,
T,2023-05-08 10:11:46,37.74623453,112.71486556,2.00,799.952,-17.952,0.000,,32,42,,
T,2023-05-08 10:11:47,37.74623524,112.71486615,1.50,799.952,-17.952,0.000,,30,42,,
T,2023-05-08 10:11:48,37.74623340,112.71486246,2.00,799.952,-17.952,0.950,272,31,43,,
T,2023-05-08 10:11:49,37.74623495,112.71486011,2.00,799.952,-17.952,0.690,312,32,43,,
T,2023-05-08 10:11:50,37.74623771,112.71486087,2.00,799.952,-17.952,0.140,313,26,43,,
T,2023-05-08 10:11:51,37.74623738,112.71486020,2.00,799.952,-17.952,0.000,,32,41,,
T,2023-05-08 10:11:52,37.74623721,112.71486011,2.00,799.952,-17.952,0.000,,32,41,,
T,2023-05-08 10:11:53,37.74623700,112.71485986,2.00,799.952,-17.952,0.000,,31,41,,
T,2023-05-08 10:11:54,37.74623700,112.71485986,2.00,799.952,-17.952,0.000,,28,41,,
T,2023-05-08 10:11:55,37.74623700,112.71485986,2.00,799.952,-17.952,0.000,,29,41,,
T,2023-05-08 10:11:56,37.74622962,112.71486070,2.00,798.952,-17.952,0.070,314,30,41,,
T,2023-05-08 10:11:57,37.74622971,112.71486078,2.00,798.952,-17.952,0.010,314,31,41,,
T,2023-05-08 10:11:58,37.74622941,112.71486070,2.00,798.952,-17.952,0.000,,31,40,,
T,2023-05-08 10:11:59,37.74622920,112.71486045,2.00,798.952,-17.952,0.000,,32,40,,
T,2023-05-08 10:12:00,37.74622254,112.71485676,2.00,798.952,-17.952,0.540,264,32,40,,
T,2023-05-08 10:12:01,37.74622179,112.71485458,2.00,797.952,-17.952,0.370,262,28,40,,
T,2023-05-08 10:12:02,37.74622099,112.71484788,2.50,798.952,-17.952,0.150,260,32,40,,
T,2023-05-08 10:12:03,37.74621521,112.71485014,2.00,798.952,-17.952,0.160,258,32,40,,
T,2023-05-08 10:12:04,37.74621135,112.71484955,2.50,798.952,-17.952,0.190,257,32,41,,
T,2023-05-08 10:12:05,37.74621307,112.71485014,2.00,797.952,-17.952,0.000,,29,41,,
T,2023-05-08 10:12:06,37.74621307,112.71485014,2.00,797.952,-17.952,0.000,,32,42,,
T,2023-05-08 10:12:07,37.74621307,112.71485014,2.00,797.952,-17.952,0.000,,32,42,,
T,2023-05-08 10:12:08,37.74621307,112.71485014,2.00,797.952,-17.952,0.000,,31,42,,
T,2023-05-08 10:12:09,37.74621307,112.71485014,2.00,797.952,-17.952,0.000,,31,42,,
T,2023-05-08 10:12:10,37.74621307,112.71485014,2.00,797.952,-17.952,0.000,,32,42,,
T,2023-05-08 10:12:11,37.74621307,112.71485014,2.00,797.952,-17.952,0.000,,32,42,,
T,2023-05-08 10:12:12,37.74621307,112.71485014,2.00,797.952,-17.952,0.000,,30,42,,
T,2023-05-08 10:12:13,37.74621307,112.71485014,2.00,797.952,-17.952,0.000,,30,41,,
T,2023-05-08 10:12:14,37.74621307,112.71485014,2.00,797.952,-17.952,0.000,,31,41,,
T,2023-05-08 10:12:15,37.74621307,112.71485014,2.00,797.952,-17.952,0.000,,29,41,,
T,2023-05-08 10:12:16,37.74620796,112.71484897,2.00,798.952,-17.952,0.540,175,32,40,,
T,2023-05-08 10:12:17,37.74620360,112.71485274,1.50,798.952,-17.952,0.410,180,30,42,,
T,2023-05-08 10:12:18,37.74620515,112.71485215,2.00,798.952,-17.952,0.190,181,32,40,,
T,2023-05-08 10:12:19,37.74620921,112.71485232,2.00,798.952,-17.952,0.050,181,30,39,,
T,2023-05-08 10:12:20,37.74620926,112.71485232,2.00,798.952,-17.952,0.000,,30,40,,
T,2023-05-08 10:12:21,37.74620938,112.71485198,2.00,798.952,-17.952,0.000,,30,40,,
T,2023-05-08 10:12:22,37.74620942,112.71485148,2.00,798.952,-17.952,0.000,,31,40,,
T,2023-05-08 10:12:23,37.74620942,112.71485148,2.00,798.952,-17.952,0.000,,31,40,,
T,2023-05-08 10:12:24,37.74620942,112.71485148,2.00,798.952,-17.952,0.000,,31,40,,
T,2023-05-08 10:12:25,37.74620942,112.71485148,2.00,798.952,-17.952,0.000,,30,40,,
T,2023-05-08 10:12:26,37.74620942,112.71485148,2.00,798.952,-17.952,0.000,,31,40,,
T,2023-05-08 10:12:27,37.74620942,112.71485148,2.50,798.952,-17.952,0.000,,30,40,,
T,2023-05-08 10:12:28,37.74620942,112.71485148,2.00,798.952,-17.952,0.000,,30,40,,
T,2023-05-08 10:12:29,37.74620942,112.71485148,2.00,798.952,-17.952,0.000,,31,40,,
T,2023-05-08 10:12:30,37.74620942,112.71485148,2.00,798.952,-17.952,0.000,,31,40,,
T,2023-05-08 10:12:31,37.74620942,112.71485148,2.00,798.952,-17.952,0.000,,30,39,,
T,2023-05-08 10:12:32,37.74620942,112.71485148,2.00,798.952,-17.952,0.000,,28,39,,
T,2023-05-08 10:12:33,37.74620942,112.71485148,2.00,798.952,-17.952,0.000,,31,39,,
T,2023-05-08 10:12:34,37.74621948,112.71484838,1.50,799.952,-17.952,0.040,181,31,39,,
T,2023-05-08 10:12:35,37.74621973,112.71484821,2.50,799.952,-17.952,0.000,,31,39,,
T,2023-05-08 10:12:36,37.74621998,112.71484813,2.00,799.952,-17.952,0.000,,30,39,,
T,2023-05-08 10:12:37,37.74622019,112.71484813,2.50,799.952,-17.952,0.000,,31,39,,
T,2023-05-08 10:12:38,37.74622019,112.71484813,2.00,799.952,-17.952,0.000,,31,39,,
T,2023-05-08 10:12:39,37.74622019,112.71484813,2.00,799.952,-17.952,0.000,,31,39,,
T,2023-05-08 10:12:40,37.74622019,112.71484813,2.50,799.952,-17.952,0.000,,31,39,,
T,2023-05-08 10:12:41,37.74622019,112.71484813,2.50,799.952,-17.952,0.000,,31,38,,
T,2023-05-08 10:12:42,37.74622019,112.71484813,2.50,799.952,-17.952,0.000,,32,39,,
T,2023-05-08 10:12:43,37.74622019,112.71484813,2.50,799.952,-17.952,0.000,,32,39,,
T,2023-05-08 10:12:44,37.74622019,112.71484813,2.00,799.952,-17.952,0.000,,32,39,,
T,2023-05-08 10:12:45,37.74622019,112.71484813,2.00,799.952,-17.952,0.000,,32,39,,
T,2023-05-08 10:12:46,37.74622019,112.71484813,2.00,799.952,-17.952,0.000,,32,38,,
T,2023-05-08 10:12:47,37.74622019,112.71484813,2.50,799.952,-17.952,0.000,,32,38,,
T,2023-05-08 10:12:48,37.74622019,112.71484813,2.00,799.952,-17.952,0.000,,32,38,,
T,2023-05-08 10:12:49,37.74622019,112.71484813,2.00,799.952,-17.952,0.000,,32,38,,
T,2023-05-08 10:12:50,37.74622019,112.71484813,2.00,799.952,-17.952,0.000,,32,38,,
T,2023-05-08 10:12:51,37.74622019,112.71484813,2.00,799.952,-17.952,0.000,,32,38,,
T,2023-05-08 10:12:52,37.74622019,112.71484813,2.00,799.952,-17.952,0.000,,31,38,,
T,2023-05-08 10:12:53,37.74622019,112.71484813,2.00,799.952,-17.952,0.000,,32,39,,
T,2023-05-08 10:12:54,37.74622019,112.71484813,2.50,799.952,-17.952,0.000,,31,39,,
T,2023-05-08 10:12:55,37.74622019,112.71484813,2.00,799.952,-17.952,0.000,,32,40,,
T,2023-05-08 10:12:56,37.74622019,112.71484813,2.00,799.952,-17.952,0.000,,32,40,,
T,2023-05-08 10:12:57,37.74622019,112.71484813,2.50,799.952,-17.952,0.000,,32,40,,
T,2023-05-08 10:12:58,37.74622019,112.71484813,2.00,799.952,-17.952,0.000,,28,40,,
T,2023-05-08 10:12:59,37.74622019,112.71484813,2.00,799.952,-17.952,0.000,,31,40,,
T,2023-05-08 10:13:00,37.74622019,112.71484813,1.50,799.952,-17.952,0.000,,31,41,,
T,2023-05-08 10:13:01,37.74622019,112.71484813,1.50,799.952,-17.952,0.000,,31,40,,
T,2023-05-08 10:13:02,37.74622019,112.71484813,2.00,799.952,-17.952,0.000,,32,41,,
T,2023-05-08 10:13:03,37.74622019,112.71484813,2.00,799.952,-17.952,0.000,,31,41,,
T,2023-05-08 10:13:04,37.74622019,112.71484813,2.00,799.952,-17.952,0.000,,32,41,,
T,2023-05-08 10:13:05,37.74622019,112.71484813,2.00,799.952,-17.952,0.000,,31,41,,
T,2023-05-08 10:13:06,37.74622019,112.71484813,2.00,799.952,-17.952,0.000,,31,41,,
T,2023-05-08 10:13:07,37.74622019,112.71484813,2.00,799.952,-17.952,0.000,,32,41,,
T,2023-05-08 10:13:08,37.74622019,112.71484813,2.00,799.952,-17.952,0.000,,32,41,,
T,2023-05-08 10:13:09,37.74622019,112.71484813,2.00,799.952,-17.952,0.000,,32,41,,
T,2023-05-08 10:13:10,37.74622019,112.71484813,2.00,799.952,-17.952,0.000,,30,40,,
T,2023-05-08 10:13:11,37.74622019,112.71484813,2.00,799.952,-17.952,0.000,,32,42,,
T,2023-05-08 10:13:12,37.74622019,112.71484813,2.00,799.952,-17.952,0.000,,32,42,,
T,2023-05-08 10:13:13,37.74622019,112.71484813,2.00,799.952,-17.952,0.000,,28,42,,
T,2023-05-08 10:13:14,37.74622019,112.71484813,2.00,799.952,-17.952,0.000,,32,42,,
T,2023-05-08 10:13:15,37.74622019,112.71484813,2.00,799.952,-17.952,0.000,,31,42,,
T,2023-05-08 10:13:16,37.74622019,112.71484813,2.00,799.952,-17.952,0.000,,31,41,,
T,2023-05-08 10:13:17,37.74622019,112.71484813,2.00,799.952,-17.952,0.000,,30,41,,
T,2023-05-08 10:13:18,37.74622019,112.71484813,2.00,799.952,-17.952,0.000,,31,41,,
T,2023-05-08 10:13:19,37.74622019,112.71484813,2.00,799.952,-17.952,0.000,,28,41,,
T,2023-05-08 10:13:20,37.74622019,112.71484813,2.00,799.952,-17.952,0.000,,32,41,,
T,2023-05-08 10:13:21,37.74622019,112.71484813,2.00,799.952,-17.952,0.000,,30,41,,
T,2023-05-08 10:13:22,37.74622019,112.71484813,2.00,799.952,-17.952,0.000,,30,41,,
T,2023-05-08 10:13:23,37.74621123,112.71485961,2.00,801.952,-17.952,0.070,181,31,41,,
T,2023-05-08 10:13:24,37.74620833,112.71485768,1.50,801.952,-17.952,0.100,181,29,40,,
T,2023-05-08 10:13:25,37.74620456,112.71485802,2.00,801.952,-17.952,0.430,204,30,40,,
T,2023-05-08 10:13:26,37.74620322,112.71485651,2.00,801.952,-17.952,0.000,,30,40,,
T,2023-05-08 10:13:27,37.74620075,112.71485659,2.00,802.952,-17.952,0.300,195,28,41,,
T,2023-05-08 10:13:28,37.74620100,112.71485751,2.00,802.952,-17.952,0.000,,31,42,,
T,2023-05-08 10:13:29,37.74619962,112.71485718,2.00,802.952,-17.952,0.480,234,29,42,,
T,2023-05-08 10:13:30,37.74619941,112.71485416,2.00,802.952,-17.952,0.410,234,32,43,,
T,2023-05-08 10:13:31,37.74620037,112.71485601,2.00,802.952,-17.952,0.050,235,29,42,,
T,2023-05-08 10:13:32,37.74620058,112.71485978,2.00,802.952,-17.952,0.210,236,30,42,,
T,2023-05-08 10:13:33,37.74620020,112.71485928,2.00,802.952,-17.952,0.000,,32,42,,
T,2023-05-08 10:13:34,37.74620020,112.71485928,2.00,802.952,-17.952,0.000,,32,42,,
T,2023-05-08 10:13:35,37.74620020,112.71485928,2.00,802.952,-17.952,0.000,,31,42,,
T,2023-05-08 10:13:36,37.74620020,112.71485928,2.00,802.952,-17.952,0.000,,32,42,,
T,2023-05-08 10:13:37,37.74620020,112.71485928,2.00,802.952,-17.952,0.000,,32,41,,
T,2023-05-08 10:13:38,37.74620020,112.71485928,2.00,802.952,-17.952,0.000,,31,41,,
T,2023-05-08 10:13:39,37.74620020,112.71485928,1.50,802.952,-17.952,0.000,,29,41,,
T,2023-05-08 10:13:40,37.74620020,112.71485928,2.00,802.952,-17.952,0.000,,27,40,,
T,2023-05-08 10:13:41,37.74620020,112.71485928,1.50,802.952,-17.952,0.000,,30,41,,
T,2023-05-08 10:13:42,37.74620020,112.71485928,2.00,802.952,-17.952,0.000,,31,41,,
T,2023-05-08 10:13:43,37.74620020,112.71485928,2.00,802.952,-17.952,0.000,,32,40,,
T,2023-05-08 10:13:44,37.74620020,112.71485928,2.00,802.952,-17.952,0.000,,30,41,,
T,2023-05-08 10:13:45,37.74620758,112.71485534,2.00,803.952,-17.952,0.520,187,30,41,,
T,2023-05-08 10:13:46,37.74620452,112.71486129,2.50,802.952,-17.952,0.430,183,25,41,,
T,2023-05-08 10:13:47,37.74621009,112.71485768,2.00,802.952,-17.952,0.350,159,31,40,,
T,2023-05-08 10:13:48,37.74621458,112.71485886,2.00,802.952,-17.952,0.300,142,29,40,,
T,2023-05-08 10:13:49,37.74621303,112.71485978,2.50,801.952,-17.952,0.000,,31,40,,
T,2023-05-08 10:13:50,37.74621303,112.71485978,2.00,801.952,-17.952,0.000,,31,41,,
T,2023-05-08 10:13:51,37.74621303,112.71485978,2.00,801.952,-17.952,0.000,,31,41,,
T,2023-05-08 10:13:52,37.74621303,112.71485978,2.50,801.952,-17.952,0.000,,31,41,,
T,2023-05-08 10:13:53,37.74621303,112.71485978,2.00,801.952,-17.952,0.000,,31,41,,
T,2023-05-08 10:13:54,37.74621303,112.71485978,2.00,801.952,-17.952,0.000,,30,41,,
T,2023-05-08 10:13:55,37.74621303,112.71485978,1.50,801.952,-17.952,0.000,,31,41,,
T,2023-05-08 10:13:56,37.74621303,112.71485978,1.50,801.952,-17.952,0.000,,31,41,,
T,2023-05-08 10:13:57,37.74620913,112.71486305,2.00,801.952,-17.952,0.220,155,30,41,,
T,2023-05-08 10:13:58,37.74620879,112.71486280,2.00,801.952,-17.952,0.010,154,32,41,,
T,2023-05-08 10:13:59,37.74620201,112.71487637,2.50,800.951,-17.951,0.160,154,29,41,,
T,2023-05-08 10:14:00,37.74620058,112.71488551,2.00,799.951,-17.951,0.000,,29,41,,
T,2023-05-08 10:14:01,37.74620058,112.71488551,2.00,799.951,-17.951,0.000,,30,41,,
T,2023-05-08 10:14:02,37.74620058,112.71488551,2.00,799.951,-17.951,0.000,,32,41,,
T,2023-05-08 10:14:03,37.74620670,112.71488207,2.00,799.951,-17.951,0.240,158,32,41,,
T,2023-05-08 10:14:04,37.74621206,112.71487428,2.00,798.951,-17.951,0.100,158,30,41,,
T,2023-05-08 10:14:05,37.74621194,112.71487361,2.50,798.951,-17.951,0.020,158,32,41,,
T,2023-05-08 10:14:06,37.74621223,112.71487361,2.50,798.951,-17.951,0.000,,32,40,,
T,2023-05-08 10:14:07,37.74621223,112.71487361,3.00,798.951,-17.951,0.000,,32,40,,
T,2023-05-08 10:14:08,37.74621223,112.71487361,2.50,798.951,-17.951,0.000,,32,40,,
T,2023-05-08 10:14:09,37.74621223,112.71487361,2.00,798.951,-17.951,0.000,,32,41,,
T,2023-05-08 10:14:10,37.74621223,112.71487361,2.50,798.951,-17.951,0.000,,32,41,,
T,2023-05-08 10:14:11,37.74621223,112.71487361,2.50,798.951,-17.951,0.000,,31,41,,
T,2023-05-08 10:14:12,37.74621223,112.71487361,2.50,798.951,-17.951,0.000,,30,41,,
T,2023-05-08 10:14:13,37.74621223,112.71487361,2.50,798.951,-17.951,0.000,,32,41,,
T,2023-05-08 10:14:14,37.74621223,112.71487361,2.50,798.951,-17.951,0.000,,32,41,,
T,2023-05-08 10:14:15,37.74621223,112.71487361,2.50,798.951,-17.951,0.000,,31,41,,
T,2023-05-08 10:14:16,37.74621223,112.71487361,2.50,798.951,-17.951,0.000,,31,41,,
T,2023-05-08 10:14:17,37.74621223,112.71487361,2.50,798.951,-17.951,0.000,,31,41,,
T,2023-05-08 10:14:18,37.74621223,112.71487361,2.50,798.951,-17.951,0.000,,31,41,,
T,2023-05-08 10:14:19,37.74621223,112.71487361,2.50,798.951,-17.951,0.000,,31,41,,
T,2023-05-08 10:14:20,37.74621223,112.71487361,2.00,798.951,-17.951,0.000,,31,41,,
T,2023-05-08 10:14:21,37.74621223,112.71487361,2.50,798.951,-17.951,0.000,,31,41,,
T,2023-05-08 10:14:22,37.74621223,112.71487361,2.50,798.951,-17.951,0.000,,30,41,,
T,2023-05-08 10:14:23,37.74621223,112.71487361,2.50,798.951,-17.951,0.000,,31,41,,
T,2023-05-08 10:14:24,37.74621223,112.71487361,2.50,798.951,-17.951,0.000,,31,41,,
T,2023-05-08 10:14:25,37.74621223,112.71487361,2.50,798.951,-17.951,0.000,,32,41,,
T,2023-05-08 10:14:26,37.74621164,112.71487168,2.00,799.952,-17.952,0.050,158,31,41,,
T,2023-05-08 10:14:27,37.74621190,112.71487151,2.00,799.952,-17.952,0.000,,31,41,,
T,2023-05-08 10:14:28,37.74621194,112.71487126,2.50,799.952,-17.952,0.000,,31,41,,
T,2023-05-08 10:14:29,37.74621202,112.71487093,2.50,799.952,-17.952,0.000,,32,40,,
T,2023-05-08 10:14:30,37.74621202,112.71487093,2.50,799.952,-17.952,0.000,,32,40,,
T,2023-05-08 10:14:31,37.74621202,112.71487093,2.00,799.952,-17.952,0.000,,32,40,,
T,2023-05-08 10:14:32,37.74621202,112.71487093,2.00,799.952,-17.952,0.000,,32,40,,
T,2023-05-08 10:14:33,37.74621202,112.71487093,2.00,799.952,-17.952,0.000,,32,40,,
T,2023-05-08 10:14:34,37.74621202,112.71487093,2.00,799.952,-17.952,0.000,,32,40,,
T,2023-05-08 10:14:35,37.74621202,112.71487093,2.00,799.952,-17.952,0.000,,32,39,,
T,2023-05-08 10:14:36,37.74621202,112.71487093,2.00,799.952,-17.952,0.000,,32,39,,
T,2023-05-08 10:14:37,37.74621202,112.71487093,2.50,799.952,-17.952,0.000,,32,39,,
T,2023-05-08 10:14:38,37.74621202,112.71487093,2.50,799.952,-17.952,0.000,,32,40,,
T,2023-05-08 10:14:39,37.74621202,112.71487093,2.50,799.952,-17.952,0.000,,32,40,,
T,2023-05-08 10:14:40,37.74621202,112.71487093,2.50,799.952,-17.952,0.000,,31,41,,
T,2023-05-08 10:14:41,37.74621202,112.71487093,1.50,799.952,-17.952,0.000,,32,41,,
T,2023-05-08 10:14:42,37.74621202,112.71487093,2.00,799.952,-17.952,0.000,,32,41,,
T,2023-05-08 10:14:43,37.74621202,112.71487093,1.50,799.952,-17.952,0.000,,30,41,,
T,2023-05-08 10:14:44,37.74621202,112.71487093,2.00,799.952,-17.952,0.000,,29,41,,
T,2023-05-08 10:14:45,37.74621202,112.71487093,1.50,799.952,-17.952,0.000,,32,41,,
T,2023-05-08 10:14:46,37.74621692,112.71487176,1.50,799.952,-17.952,0.030,158,25,41,,
T,2023-05-08 10:14:47,37.74621676,112.71487160,2.00,799.952,-17.952,0.000,,32,41,,
T,2023-05-08 10:14:48,37.74621676,112.71487135,2.00,799.952,-17.952,0.000,,32,41,,
T,2023-05-08 10:14:49,37.74621684,112.71487101,1.50,799.952,-17.952,0.000,,32,40,,
T,2023-05-08 10:14:50,37.74621684,112.71487101,2.00,799.952,-17.952,0.000,,31,40,,
T,2023-05-08 10:14:51,37.74621684,112.71487101,1.50,799.952,-17.952,0.000,,32,40,,
T,2023-05-08 10:14:52,37.74621684,112.71487101,2.00,799.952,-17.952,0.000,,32,40,,
T,2023-05-08 10:14:53,37.74621684,112.71487101,1.50,799.952,-17.952,0.000,,32,40,,
T,2023-05-08 10:14:54,37.74621684,112.71487101,2.00,799.952,-17.952,0.000,,29,40,,
T,2023-05-08 10:14:55,37.74621684,112.71487101,2.00,799.952,-17.952,0.000,,31,40,,
T,2023-05-08 10:14:56,37.74621684,112.71487101,2.00,799.952,-17.952,0.000,,31,40,,
T,2023-05-08 10:14:57,37.74621684,112.71487101,2.00,799.952,-17.952,0.000,,31,40,,
T,2023-05-08 10:14:58,37.74621684,112.71487101,1.50,799.952,-17.952,0.000,,31,40,,
T,2023-05-08 10:14:59,37.74621684,112.71487101,1.50,799.952,-17.952,0.000,,31,40,,
T,2023-05-08 10:15:00,37.74621684,112.71487101,2.00,799.952,-17.952,0.000,,32,40,,
T,2023-05-08 10:15:01,37.74621751,112.71486850,1.50,799.952,-17.952,0.130,158,30,40,,
T,2023-05-08 10:15:02,37.74621743,112.71486891,1.50,799.952,-17.952,0.020,158,30,40,,
T,2023-05-08 10:15:03,37.74621730,112.71486858,1.50,799.952,-17.952,0.000,,32,40,,
T,2023-05-08 10:15:04,37.74621726,112.71486858,2.00,799.952,-17.952,0.000,,32,41,,
T,2023-05-08 10:15:05,37.74621726,112.71486858,1.50,799.952,-17.952,0.000,,31,41,,
T,2023-05-08 10:15:06,37.74621726,112.71486858,1.50,799.952,-17.952,0.000,,31,41,,
T,2023-05-08 10:15:07,37.74621726,112.71486858,1.50,799.952,-17.952,0.000,,30,41,,
T,2023-05-08 10:15:08,37.74621726,112.71486858,1.50,799.952,-17.952,0.000,,31,41,,
T,2023-05-08 10:15:09,37.74621726,112.71486858,1.50,799.952,-17.952,0.000,,31,41,,
T,2023-05-08 10:15:10,37.74621726,112.71486858,1.50,799.952,-17.952,0.000,,31,41,,
T,2023-05-08 10:15:11,37.74621726,112.71486858,1.50,799.952,-17.952,0.000,,31,41,,
T,2023-05-08 10:15:12,37.74621726,112.71486858,1.50,799.952,-17.952,0.000,,32,41,,
T,2023-05-08 10:15:13,37.74621726,112.71486858,1.50,799.952,-17.952,0.000,,32,41,,
T,2023-05-08 10:15:14,37.74621726,112.71486858,1.50,799.952,-17.952,0.000,,32,40,,
T,2023-05-08 10:15:15,37.74621726,112.71486858,2.00,799.952,-17.952,0.000,,32,40,,
T,2023-05-08 10:15:16,37.74621726,112.71486858,1.50,799.952,-17.952,0.000,,32,40,,
T,2023-05-08 10:15:17,37.74621726,112.71486858,2.00,799.952,-17.952,0.000,,32,39,,
T,2023-05-08 10:15:18,37.74621726,112.71486858,1.50,799.952,-17.952,0.000,,32,39,,
T,2023-05-08 10:15:19,37.74621726,112.71486858,1.50,799.952,-17.952,0.000,,31,38,,
T,2023-05-08 10:15:20,37.74621726,112.71486858,1.50,799.952,-17.952,0.000,,31,38,,
T,2023-05-08 10:15:21,37.74621726,112.71486858,1.50,799.952,-17.952,0.000,,32,38,,
T,2023-05-08 10:15:22,37.74621726,112.71486858,1.50,799.952,-17.952,0.000,,32,38,,
T,2023-05-08 10:15:23,37.74621726,112.71486858,1.50,799.952,-17.952,0.000,,32,38,,
T,2023-05-08 10:15:24,37.74621726,112.71486858,1.50,799.952,-17.952,0.000,,31,38,,
T,2023-05-08 10:15:25,37.74621726,112.71486858,1.50,799.952,-17.952,0.000,,32,38,,
T,2023-05-08 10:15:26,37.74621726,112.71486858,1.50,799.952,-17.952,0.000,,32,38,,
T,2023-05-08 10:15:27,37.74621726,112.71486858,1.50,799.952,-17.952,0.000,,31,38,,
T,2023-05-08 10:15:28,37.74621726,112.71486858,2.00,799.952,-17.952,0.000,,32,38,,
T,2023-05-08 10:15:29,37.74621726,112.71486858,2.00,799.952,-17.952,0.000,,32,38,,
T,2023-05-08 10:15:30,37.74621726,112.71486858,2.00,799.952,-17.952,0.000,,30,38,,
T,2023-05-08 10:15:31,37.74621726,112.71486858,2.00,799.952,-17.952,0.000,,29,38,,
T,2023-05-08 10:15:32,37.74621726,112.71486858,1.50,799.952,-17.952,0.000,,31,39,,
T,2023-05-08 10:15:33,37.74621726,112.71486858,2.00,799.952,-17.952,0.000,,31,39,,
T,2023-05-08 10:15:34,37.74621726,112.71486858,1.50,799.952,-17.952,0.000,,29,38,,
T,2023-05-08 10:15:35,37.74621190,112.71486003,1.50,801.952,-17.952,0.930,215,32,38,,
T,2023-05-08 10:15:36,37.74621164,112.71485274,2.00,801.952,-17.952,0.660,246,29,39,,
T,2023-05-08 10:15:37,37.74621303,112.71484536,1.50,801.952,-17.952,0.360,261,30,40,,
T,2023-05-08 10:15:38,37.74621278,112.71484427,2.00,801.952,-17.952,0.010,265,31,40,,
T,2023-05-08 10:15:39,37.74621470,112.71484553,2.00,800.952,-17.952,0.000,,29,40,,
T,2023-05-08 10:15:40,37.74621470,112.71484553,1.50,800.952,-17.952,0.000,,31,40,,
T,2023-05-08 10:15:41,37.74621164,112.71484578,1.50,802.952,-17.952,0.280,269,31,40,,
T,2023-05-08 10:15:42,37.74621219,112.71484570,2.00,802.952,-17.952,0.130,271,29,40,,
T,2023-05-08 10:15:43,37.74621231,112.71484603,1.50,802.952,-17.952,0.080,273,29,40,,
T,2023-05-08 10:15:44,37.74621445,112.71484670,1.50,802.952,-17.952,0.000,,31,40,,
T,2023-05-08 10:15:45,37.74621445,112.71484670,2.00,802.952,-17.952,0.000,,30,40,,
T,2023-05-08 10:15:46,37.74621445,112.71484670,2.00,802.952,-17.952,0.000,,30,39,,
T,2023-05-08 10:15:47,37.74621445,112.71484670,2.00,802.952,-17.952,0.000,,31,40,,
T,2023-05-08 10:15:48,37.74621445,112.71484670,2.00,802.952,-17.952,0.000,,31,40,,
T,2023-05-08 10:15:49,37.74621445,112.71484670,2.00,802.952,-17.952,0.000,,32,40,,
T,2023-05-08 10:15:50,37.74621445,112.71484670,2.50,802.952,-17.952,0.000,,29,40,,
T,2023-05-08 10:15:51,37.74621445,112.71484670,2.00,802.952,-17.952,0.000,,30,40,,
T,2023-05-08 10:15:52,37.74621445,112.71484670,2.00,802.952,-17.952,0.000,,31,40,,
T,2023-05-08 10:15:53,37.74621445,112.71484670,2.00,802.952,-17.952,0.000,,29,40,,
T,2023-05-08 10:15:54,37.74621676,112.71485358,2.00,802.952,-17.952,0.170,272,29,40,,
T,2023-05-08 10:15:55,37.74622137,112.71485416,2.00,801.952,-17.952,0.590,20,28,40,,
T,2023-05-08 10:15:56,37.74622350,112.71485534,2.00,801.952,-17.952,0.260,25,30,39,,
T,2023-05-08 10:15:57,37.74622677,112.71485014,2.00,801.952,-17.952,0.290,30,27,37,,
T,2023-05-08 10:15:58,37.74622711,112.71485022,2.00,801.952,-17.952,0.000,,30,41,,
T,2023-05-08 10:15:59,37.74622711,112.71485022,2.00,801.952,-17.952,0.000,,32,42,,
T,2023-05-08 10:16:00,37.74622711,112.71485022,2.00,801.952,-17.952,0.000,,31,41,,
T,2023-05-08 10:16:01,37.74622711,112.71485022,2.00,801.952,-17.952,0.000,,32,42,,
T,2023-05-08 10:16:02,37.74622711,112.71485022,2.00,801.952,-17.952,0.000,,32,42,,
T,2023-05-08 10:16:03,37.74622711,112.71485022,2.00,801.952,-17.952,0.000,,30,42,,
T,2023-05-08 10:16:04,37.74622711,112.71485022,2.00,801.952,-17.952,0.000,,31,42,,
T,2023-05-08 10:16:05,37.74622711,112.71485022,2.00,801.952,-17.952,0.000,,32,43,,
T,2023-05-08 10:16:06,37.74622711,112.71485022,2.00,801.952,-17.952,0.000,,32,42,,
T,2023-05-08 10:16:07,37.74622711,112.71485022,2.00,801.952,-17.952,0.000,,32,42,,
T,2023-05-08 10:16:08,37.74622711,112.71485022,2.00,801.952,-17.952,0.000,,30,42,,
T,2023-05-08 10:16:09,37.74622355,112.71485156,2.00,800.952,-17.952,0.030,27,30,42,,
