2.176705298985476
2.071039993209482
2.0315916123864444
1.993617937388567
2.1547183767735016
2.176705298985476
2.176705298985476
2.0913443068683986
2.396821565175019
2.269331056389113
2.3441441681382047
2.424058173870189
2.3441441681382047
2.5394895154830555
2.3701902144508518
2.3701902144508518
2.2454433610587015
2.176705298985476
2.071039993209482
2.1547183767735016
2.1120506861443236
2.0511261471209297
2.071039993209482
2.012425653779025
2.012425653779025
2.1120506861443236
2.012425653779025
2.071039993209482
2.176705298985476
2.0511261471209297
2.0913443068683986
2.071039993209482
2.0315916123864444
2.0511261471209297
2.0315916123864444
2.0315916123864444
1.9392465390961515
2.071039993209482
2.012425653779025
2.1120506861443236
2.0511261471209297
1.993617937388567
2.1331711930057664
2.269331056389113
2.2937324655975986
2.176705298985476
2.269331056389113
2.2220533260476736
2.0913443068683986
2.0913443068683986
2.0913443068683986
1.993617937388567
2.0315916123864444
2.071039993209482
2.0511261471209297
2.0511261471209297
2.1331711930057664
2.1331711930057664
2.1547183767735016
2.176705298985476
2.1547183767735016
2.1547183767735016
2.1547183767735016
2.2454433610587015
2.176705298985476
2.199145559799759
2.2220533260476736
2.199145559799759
2.176705298985476
2.1547183767735016
2.1547183767735016
2.199145559799759
2.2937324655975986
2.1547183767735016
2.199145559799759
2.176705298985476
2.199145559799759
2.2220533260476736
2.2937324655975986
2.2220533260476736
2.1547183767735016
2.2454433610587015
2.269331056389113
2.199145559799759
2.2220533260476736
2.2454433610587015
2.2454433610587015
2.2220533260476736
2.199145559799759
2.176705298985476
2.199145559799759
2.176705298985476
2.2220533260476736
2.318664340223659
2.2454433610587015
2.269331056389113
2.176705298985476
2.199145559799759
2.176705298985476
2.199145559799759
2.199145559799759
2.269331056389113
2.199145559799759
2.199145559799759
2.2220533260476736
2.199145559799759
2.2937324655975986
2.2454433610587015
2.2937324655975986
2.318664340223659
2.176705298985476
2.2454433610587015
2.2220533260476736
2.1331711930057664
2.199145559799759
2.199145559799759
2.176705298985476
2.1547183767735016
2.199145559799759
2.199145559799759
2.176705298985476
2.2937324655975986
2.2937324655975986
2.2454433610587015
2.2454433610587015
2.2454433610587015
2.176705298985476
2.2454433610587015
2.2454433610587015
2.199145559799759
2.2220533260476736
2.176705298985476
2.2220533260476736
2.2454433610587015
2.176705298985476
2.2220533260476736
2.2454433610587015
2.269331056389113
2.269331056389113
2.176705298985476
2.2454433610587015
2.269331056389113
2.318664340223659
2.2220533260476736
2.3441441681382047
2.2937324655975986
2.5096131682420784
2.480431619774147
2.4519209115008813
2.5096131682420784
2.4519209115008813
2.396821565175019
2.318664340223659
2.318664340223659
2.5096131682420784
2.3701902144508518
2.269331056389113
2.269331056389113
2.1547183767735016
2.3701902144508518
2.2454433610587015
2.176705298985476
2.1331711930057664
2.199145559799759
2.176705298985476
2.1331711930057664
2.0913443068683986
2.0913443068683986
2.071039993209482
2.071039993209482
2.0315916123864444
2.0913443068683986
2.071039993209482
2.012425653779025
2.071039993209482
2.071039993209482
2.071039993209482
2.0511261471209297
2.0913443068683986
2.071039993209482
1.9392465390961515
2.0511261471209297
2.0315916123864444
2.269331056389113
2.2937324655975986
2.3441441681382047
2.176705298985476
2.1331711930057664
2.199145559799759
2.1547183767735016
2.1331711930057664
2.2220533260476736
2.4519209115008813
2.0315916123864444
1.993617937388567
2.3701902144508518
2.6014282841533736
2.1547183767735016
2.570085774705743
2.071039993209482
2.2937324655975986
2.2937324655975986
2.269331056389113
2.176705298985476
2.2220533260476736
2.2937324655975986
1.9392465390961515
1.7776426608381386
2.269331056389113
1.7776426608381386
2.199145559799759
2.269331056389113
2.2937324655975986
2.3441441681382047
2.199145559799759
2.2937324655975986
2.2220533260476736
2.2220533260476736
2.396821565175019
2.2454433610587015
2.2454433610587015
2.2937324655975986
2.396821565175019
2.2220533260476736
2.176705298985476
2.2220533260476736
2.199145559799759
2.2220533260476736
2.2937324655975986
2.199145559799759
2.318664340223659
3.6778813672513215
2.2937324655975986
2.318664340223659
3.809234273224583
2.2937324655975986
2.424058173870189
2.2454433610587015
2.2220533260476736
2.2454433610587015
3.497001955747158
2.269331056389113
2.2220533260476736
3.555285321676277
2.2454433610587015
2.318664340223659
2.5096131682420784
3.3859860206440735
2.176705298985476
2.199145559799759
2.199145559799759
2.199145559799759
2.176705298985476
2.3701902144508518
3.3859860206440735
2.3701902144508518
3.33307998907151
2.3441441681382047
2.3701902144508518
2.318664340223659
2.2454433610587015
3.497001955747158
3.497001955747158
2.2220533260476736
3.3859860206440735
3.3859860206440735
2.2454433610587015
3.33307998907151
3.33307998907151
3.281801835393487
2.199145559799759
2.2937324655975986
2.318664340223659
2.3441441681382047
2.2937324655975986
2.2454433610587015
2.3701902144508518
2.3701902144508518
2.269331056389113
2.3701902144508518
2.424058173870189
2.318664340223659
2.2454433610587015
2.318664340223659
2.318664340223659
2.269331056389113
2.318664340223659
2.424058173870189
2.3701902144508518
2.424058173870189
2.396821565175019
2.3701902144508518
2.3701902144508518
2.3441441681382047
2.3441441681382047
2.2937324655975986
2.199145559799759
2.2937324655975986
2.318664340223659
2.199145559799759
2.2454433610587015
2.269331056389113
2.2454433610587015
2.2454433610587015
2.2220533260476736
2.2220533260476736
2.269331056389113
2.318664340223659
2.4519209115008813
2.396821565175019
2.4519209115008813
2.5394895154830555
2.480431619774147
2.570085774705743
2.5394895154830555
2.4519209115008813
1.34161710251935
1.4034021006616886
1.376239479358559
1.422114128670511
1.3942295379122658
2.1120506861443236
2.2220533260476736
2.1331711930057664
2.199145559799759
2.176705298985476

