type,date time,latitude,longitude,accuracy(m),altitude(m),geoid_height(m),speed(m/s),bearing(deg),sat_used,sat_inview,name,desc
T,2023-05-08 09:42:43.011,37.74676000,112.71646000,2.30,832.445,-17.945,0.568,222,31,66,20230508-174243,GPS Logger: 20230508-174243
T,2023-05-08 09:42:44.011,37.74675000,112.71645000,2.00,832.345,-17.945,0.253,222,32,66,,
T,2023-05-08 09:42:46,37.74675000,112.71645000,1.90,832.645,-17.945,0.190,222,33,66,,
T,2023-05-08 09:42:47,37.74675000,112.71645000,1.80,832.945,-17.945,0.126,222,33,66,,
T,2023-05-08 09:42:48,37.74675000,112.71645000,1.70,832.945,-17.945,0.117,222,38,66,,
T,2023-05-08 09:42:49,37.74676000,112.71645000,1.70,833.045,-17.945,0.106,222,39,66,,
T,2023-05-08 09:42:50,37.74676000,112.71645000,1.60,833.245,-17.945,0.243,222,39,66,,
T,2023-05-08 09:42:51,37.74675000,112.71644000,1.60,833.145,-17.945,0.230,222,38,66,,
T,2023-05-08 09:42:52,37.74675000,112.71644000,1.50,833.045,-17.945,0.106,238,39,66,,
T,2023-05-08 09:42:53,37.74675000,112.71644000,1.50,832.945,-17.945,0.249,166,39,66,,
T,2023-05-08 09:42:54,37.74675000,112.71644000,1.50,832.945,-17.945,0.230,171,39,66,,
T,2023-05-08 09:42:55,37.74675000,112.71643000,1.50,832.945,-17.945,0.088,241,39,66,,
T,2023-05-08 09:42:56,37.74675000,112.71644000,1.40,832.745,-17.945,0.046,289,39,66,,
T,2023-05-08 09:42:57,37.74675000,112.71644000,1.40,832.645,-17.945,0.069,183,39,66,,
T,2023-05-08 09:42:58,37.74675000,112.71644000,1.40,832.545,-17.945,0.094,140,39,66,,
T,2023-05-08 09:42:59,37.74675000,112.71644000,1.40,832.545,-17.945,0.119,131,39,66,,
T,2023-05-08 09:43:00,37.74675000,112.71645000,1.40,832.445,-17.945,0.110,202,39,66,,
T,2023-05-08 09:43:01,37.74675000,112.71645000,1.40,832.445,-17.945,0.098,122,39,66,,
T,2023-05-08 09:43:02,37.74675000,112.71645000,1.40,832.345,-17.945,0.078,29,38,66,,
T,2023-05-08 09:43:03,37.74675000,112.71646000,1.40,832.245,-17.945,0.072,60,39,66,,
T,2023-05-08 09:43:04,37.74675000,112.71646000,1.40,832.245,-17.945,0.069,348,39,66,,
T,2023-05-08 09:43:05,37.74675000,112.71646000,1.40,832.145,-17.945,0.072,74,39,66,,
T,2023-05-08 09:43:06,37.74675000,112.71645000,1.40,832.145,-17.945,0.075,107,39,66,,
T,2023-05-08 09:43:07,37.74675000,112.71646000,1.40,832.045,-17.945,0.082,78,40,66,,
T,2023-05-08 09:43:08,37.74675000,112.71646000,1.40,831.945,-17.945,0.079,113,41,66,,
T,2023-05-08 09:43:09,37.74675000,112.71646000,1.30,831.845,-17.945,0.067,164,41,66,,
T,2023-05-08 09:43:10,37.74675000,112.71646000,1.30,831.645,-17.945,0.090,70,40,66,,
T,2023-05-08 09:43:11,37.74676000,112.71646000,1.30,831.345,-17.945,0.000,,40,66,,
T,2023-05-08 09:43:12,37.74676000,112.71646000,1.30,831.245,-17.945,0.000,,39,66,,
T,2023-05-08 09:43:13,37.74676000,112.71646000,1.30,831.045,-17.945,0.000,,40,66,,
T,2023-05-08 09:43:14,37.74676000,112.71646000,1.30,831.045,-17.945,0.000,,41,66,,
T,2023-05-08 09:43:15,37.74676000,112.71646000,1.30,831.045,-17.945,0.000,,41,66,,
T,2023-05-08 09:43:16,37.74676000,112.71646000,1.30,831.045,-17.945,0.000,,41,66,,
T,2023-05-08 09:43:17,37.74676000,112.71646000,1.30,831.045,-17.945,0.000,,40,66,,
T,2023-05-08 09:43:18,37.74676000,112.71646000,1.30,831.045,-17.945,0.000,,41,66,,
T,2023-05-08 09:43:19,37.74676000,112.71646000,1.30,831.045,-17.945,0.000,,41,66,,
T,2023-05-08 09:43:20,37.74676000,112.71646000,1.30,831.045,-17.945,0.000,,41,66,,
T,2023-05-08 09:43:21,37.74676000,112.71646000,1.30,831.045,-17.945,0.000,,41,67,,
T,2023-05-08 09:43:22,37.74676000,112.71646000,1.30,831.045,-17.945,0.000,,40,66,,
T,2023-05-08 09:43:23,37.74676000,112.71646000,1.30,831.045,-17.945,0.000,,39,66,,
T,2023-05-08 09:43:24,37.74676000,112.71646000,1.30,831.045,-17.945,0.000,,40,66,,
T,2023-05-08 09:43:25,37.74676000,112.71646000,1.30,831.045,-17.945,0.000,,41,66,,
T,2023-05-08 09:43:26,37.74676000,112.71646000,1.30,831.045,-17.945,0.000,,41,66,,
T,2023-05-08 09:43:27,37.74676000,112.71646000,1.30,831.045,-17.945,0.000,,42,66,,
T,2023-05-08 09:43:28,37.74676000,112.71646000,1.30,831.045,-17.945,0.000,,41,66,,
T,2023-05-08 09:43:29,37.74676000,112.71646000,1.30,831.045,-17.945,0.000,,42,66,,
T,2023-05-08 09:43:30,37.74676000,112.71646000,1.20,831.045,-17.945,0.000,,42,66,,
T,2023-05-08 09:43:31,37.74676000,112.71646000,1.20,831.045,-17.945,0.000,,41,66,,
T,2023-05-08 09:43:32,37.74676000,112.71646000,1.20,831.045,-17.945,0.000,,41,66,,
T,2023-05-08 09:43:33,37.74676000,112.71646000,1.20,831.045,-17.945,0.000,,42,66,,
T,2023-05-08 09:43:34,37.74676000,112.71646000,1.30,831.045,-17.945,0.000,,42,66,,
T,2023-05-08 09:43:35,37.74676000,112.71646000,1.30,831.045,-17.945,0.000,,42,66,,
T,2023-05-08 09:43:36,37.74676000,112.71646000,1.30,831.045,-17.945,0.000,,42,66,,
T,2023-05-08 09:43:37,37.74676000,112.71646000,1.30,831.045,-17.945,0.000,,42,66,,
T,2023-05-08 09:43:38,37.74676000,112.71646000,1.30,831.045,-17.945,0.000,,42,66,,
T,2023-05-08 09:43:39,37.74676000,112.71646000,1.30,831.045,-17.945,0.000,,41,66,,
T,2023-05-08 09:43:40,37.74676000,112.71646000,1.30,831.045,-17.945,0.000,,41,66,,
T,2023-05-08 09:43:41,37.74676000,112.71646000,1.30,831.045,-17.945,0.000,,40,66,,
T,2023-05-08 09:43:42,37.74676000,112.71646000,1.30,831.045,-17.945,0.000,,41,66,,
T,2023-05-08 09:43:43,37.74676000,112.71646000,1.30,831.045,-17.945,0.000,,40,66,,
T,2023-05-08 09:43:44,37.74676000,112.71646000,1.30,831.045,-17.945,0.000,,41,66,,
T,2023-05-08 09:43:45,37.74676000,112.71646000,1.30,831.045,-17.945,0.000,,41,66,,
T,2023-05-08 09:43:46,37.74676000,112.71646000,1.30,831.045,-17.945,0.000,,40,66,,
T,2023-05-08 09:43:47,37.74676000,112.71646000,1.30,831.045,-17.945,0.000,,40,66,,
T,2023-05-08 09:43:48,37.74684000,112.71652000,1.30,823.345,-17.945,0.217,342,39,66,,
T,2023-05-08 09:43:49,37.74684000,112.71652000,1.30,823.045,-17.945,0.000,,39,66,,
T,2023-05-08 09:43:50,37.74684000,112.71652000,1.30,822.745,-17.945,0.000,,39,66,,
T,2023-05-08 09:43:51,37.74685000,112.71652000,1.30,822.345,-17.945,0.000,,41,66,,
T,2023-05-08 09:43:52,37.74685000,112.71652000,1.30,822.345,-17.945,0.000,,40,65,,
T,2023-05-08 09:43:53,37.74685000,112.71652000,1.30,822.345,-17.945,0.000,,40,65,,
T,2023-05-08 09:43:54,37.74685000,112.71652000,1.30,822.345,-17.945,0.000,,42,65,,
T,2023-05-08 09:43:55,37.74685000,112.71652000,1.30,822.345,-17.945,0.000,,42,65,,
T,2023-05-08 09:43:56,37.74685000,112.71652000,1.30,822.345,-17.945,0.000,,41,65,,
T,2023-05-08 09:43:57,37.74685000,112.71652000,1.30,822.345,-17.945,0.000,,40,65,,
T,2023-05-08 09:43:58,37.74685000,112.71652000,1.30,822.345,-17.945,0.000,,42,66,,
T,2023-05-08 09:43:59,37.74685000,112.71652000,1.30,822.345,-17.945,0.000,,42,66,,
T,2023-05-08 09:44:00,37.74685000,112.71652000,1.30,822.345,-17.945,0.000,,41,66,,
T,2023-05-08 09:44:01,37.74685000,112.71652000,1.30,822.345,-17.945,0.000,,40,66,,
T,2023-05-08 09:44:02,37.74685000,112.71652000,1.30,822.345,-17.945,0.000,,42,66,,
T,2023-05-08 09:44:03,37.74685000,112.71652000,1.30,822.345,-17.945,0.000,,42,66,,
T,2023-05-08 09:44:04,37.74685000,112.71652000,1.30,822.345,-17.945,0.000,,43,66,,
T,2023-05-08 09:44:05,37.74685000,112.71652000,1.30,822.345,-17.945,0.000,,43,66,,
T,2023-05-08 09:44:06,37.74685000,112.71652000,1.30,822.345,-17.945,0.000,,43,66,,
T,2023-05-08 09:44:07,37.74685000,112.71652000,1.30,822.345,-17.945,0.000,,43,66,,
T,2023-05-08 09:44:08,37.74685000,112.71652000,1.30,822.345,-17.945,0.000,,43,66,,
T,2023-05-08 09:44:09,37.74685000,112.71652000,1.30,822.345,-17.945,0.000,,43,66,,
T,2023-05-08 09:44:10,37.74685000,112.71652000,1.30,822.345,-17.945,0.000,,44,66,,
T,2023-05-08 09:44:11,37.74685000,112.71652000,1.30,822.345,-17.945,0.000,,45,66,,
T,2023-05-08 09:44:12,37.74685000,112.71652000,1.30,822.345,-17.945,0.000,,44,66,,
T,2023-05-08 09:44:13,37.74685000,112.71652000,1.30,822.345,-17.945,0.000,,44,66,,
T,2023-05-08 09:44:14,37.74685000,112.71652000,1.30,822.345,-17.945,0.000,,44,66,,
T,2023-05-08 09:44:15,37.74685000,112.71652000,1.30,822.345,-17.945,0.000,,45,66,,
T,2023-05-08 09:44:16,37.74685000,112.71652000,1.30,822.345,-17.945,0.000,,46,66,,
T,2023-05-08 09:44:17,37.74685000,112.71652000,1.30,822.345,-17.945,0.000,,45,66,,
T,2023-05-08 09:44:18,37.74685000,112.71652000,1.30,822.345,-17.945,0.000,,43,66,,
T,2023-05-08 09:44:19,37.74685000,112.71652000,1.30,822.345,-17.945,0.000,,43,67,,
T,2023-05-08 09:44:20,37.74685000,112.71652000,1.30,822.345,-17.945,0.000,,44,67,,
T,2023-05-08 09:44:21,37.74685000,112.71652000,1.40,822.345,-17.945,0.000,,44,67,,
T,2023-05-08 09:44:22,37.74685000,112.71652000,1.40,822.345,-17.945,0.000,,44,67,,
T,2023-05-08 09:44:23,37.74685000,112.71654000,1.40,814.945,-17.945,0.358,214,45,67,,
T,2023-05-08 09:44:24,37.74683000,112.71652000,1.40,815.045,-17.945,0.517,233,46,67,,
T,2023-05-08 09:44:25,37.74682000,112.71650000,1.40,815.045,-17.945,0.630,256,46,67,,
T,2023-05-08 09:44:26,37.74681000,112.71648000,1.50,815.245,-17.945,0.616,273,45,67,,
T,2023-05-08 09:44:27,37.74680000,112.71648000,1.40,815.445,-17.945,0.661,182,43,66,,
T,2023-05-08 09:44:28,37.74680000,112.71647000,1.50,815.845,-17.945,0.668,213,41,67,,
T,2023-05-08 09:44:29,37.74680000,112.71647000,1.50,816.045,-17.945,0.669,220,41,67,,
T,2023-05-08 09:44:30,37.74679000,112.71646000,1.50,816.445,-17.945,0.665,249,42,67,,
T,2023-05-08 09:44:31,37.74679000,112.71646000,1.50,816.745,-17.945,0.662,243,43,67,,
T,2023-05-08 09:44:32,37.74679000,112.71646000,1.50,816.845,-17.945,0.623,289,43,67,,
T,2023-05-08 09:44:33,37.74679000,112.71645000,1.50,816.945,-17.945,0.491,264,42,67,,
T,2023-05-08 09:44:34,37.74680000,112.71645000,1.50,817.145,-17.945,0.000,,42,67,,
T,2023-05-08 09:44:35,37.74680000,112.71645000,1.50,817.345,-17.945,0.000,,41,67,,
T,2023-05-08 09:44:36,37.74680000,112.71646000,1.50,817.445,-17.945,0.000,,39,67,,
T,2023-05-08 09:44:37,37.74680000,112.71646000,1.40,817.445,-17.945,0.000,,39,67,,
T,2023-05-08 09:44:38,37.74680000,112.71646000,1.40,817.445,-17.945,0.000,,40,67,,
T,2023-05-08 09:44:39,37.74680000,112.71646000,1.30,817.445,-17.945,0.000,,41,67,,
T,2023-05-08 09:44:40,37.74680000,112.71646000,1.30,817.445,-17.945,0.000,,41,67,,
T,2023-05-08 09:44:41,37.74680000,112.71646000,1.30,817.445,-17.945,0.000,,42,67,,
T,2023-05-08 09:44:42,37.74680000,112.71646000,1.30,817.445,-17.945,0.000,,40,67,,
T,2023-05-08 09:44:43,37.74680000,112.71646000,1.30,817.445,-17.945,0.000,,41,67,,
T,2023-05-08 09:44:44,37.74680000,112.71646000,1.30,817.445,-17.945,0.000,,41,67,,
T,2023-05-08 09:44:45,37.74680000,112.71646000,1.20,817.445,-17.945,0.000,,42,67,,
T,2023-05-08 09:44:46,37.74680000,112.71646000,1.20,817.445,-17.945,0.000,,42,67,,
T,2023-05-08 09:44:47,37.74680000,112.71646000,1.20,817.445,-17.945,0.000,,42,67,,
T,2023-05-08 09:44:48,37.74680000,112.71646000,1.20,817.445,-17.945,0.000,,40,67,,
T,2023-05-08 09:44:49,37.74680000,112.71646000,1.20,817.445,-17.945,0.000,,37,67,,
T,2023-05-08 09:44:50,37.74680000,112.71646000,1.20,817.445,-17.945,0.000,,36,67,,
T,2023-05-08 09:44:51,37.74680000,112.71646000,1.20,817.445,-17.945,0.000,,35,67,,
T,2023-05-08 09:44:52,37.74680000,112.71646000,1.30,817.445,-17.945,0.000,,37,67,,
T,2023-05-08 09:44:53,37.74680000,112.71646000,1.30,817.445,-17.945,0.000,,36,67,,
T,2023-05-08 09:44:54,37.74680000,112.71646000,1.30,817.445,-17.945,0.000,,37,67,,
T,2023-05-08 09:44:55,37.74680000,112.71646000,1.30,817.445,-17.945,0.000,,37,67,,
T,2023-05-08 09:44:56,37.74680000,112.71646000,1.30,817.445,-17.945,0.000,,36,67,,
T,2023-05-08 09:44:57,37.74680000,112.71646000,1.30,817.445,-17.945,0.000,,36,67,,
T,2023-05-08 09:44:58,37.74680000,112.71646000,1.30,817.445,-17.945,0.000,,36,67,,
T,2023-05-08 09:44:59,37.74680000,112.71646000,1.30,817.445,-17.945,0.000,,36,67,,
T,2023-05-08 09:45:00,37.74680000,112.71646000,1.40,817.445,-17.945,0.000,,36,67,,
T,2023-05-08 09:45:01,37.74680000,112.71646000,1.40,817.445,-17.945,0.000,,36,67,,
T,2023-05-08 09:45:02,37.74680000,112.71646000,1.50,817.445,-17.945,0.000,,39,67,,
T,2023-05-08 09:45:03,37.74680000,112.71646000,1.50,817.445,-17.945,0.000,,39,67,,
T,2023-05-08 09:45:04,37.74680000,112.71646000,1.50,817.445,-17.945,0.000,,41,67,,
T,2023-05-08 09:45:05,37.74680000,112.71646000,1.50,817.445,-17.945,0.000,,41,67,,
T,2023-05-08 09:45:06,37.74680000,112.71646000,1.50,817.445,-17.945,0.000,,43,67,,
T,2023-05-08 09:45:07,37.74680000,112.71646000,1.50,817.445,-17.945,0.000,,43,67,,
T,2023-05-08 09:45:08,37.74680000,112.71646000,1.50,817.445,-17.945,0.000,,45,67,,
T,2023-05-08 09:45:09,37.74680000,112.71646000,1.40,817.445,-17.945,0.000,,44,67,,
T,2023-05-08 09:45:10,37.74680000,112.71646000,1.40,817.445,-17.945,0.000,,43,67,,
T,2023-05-08 09:45:11,37.74680000,112.71646000,1.40,817.445,-17.945,0.000,,43,67,,
T,2023-05-08 09:45:12,37.74680000,112.71646000,1.40,817.445,-17.945,0.000,,43,67,,
T,2023-05-08 09:45:13,37.74680000,112.71646000,1.40,817.445,-17.945,0.000,,43,67,,
T,2023-05-08 09:45:14,37.74680000,112.71646000,1.30,817.445,-17.945,0.000,,43,67,,
T,2023-05-08 09:45:15,37.74680000,112.71646000,1.30,817.445,-17.945,0.000,,43,67,,
T,2023-05-08 09:45:16,37.74680000,112.71646000,1.30,817.445,-17.945,0.000,,42,67,,
T,2023-05-08 09:45:17,37.74680000,112.71646000,1.30,817.445,-17.945,0.000,,41,67,,
T,2023-05-08 09:45:18,37.74680000,112.71646000,1.30,817.445,-17.945,0.000,,43,67,,
T,2023-05-08 09:45:19,37.74680000,112.71646000,1.30,817.445,-17.945,0.000,,43,67,,
T,2023-05-08 09:45:20,37.74680000,112.71646000,1.30,817.445,-17.945,0.000,,42,67,,
T,2023-05-08 09:45:21,37.74680000,112.71646000,1.30,817.445,-17.945,0.000,,41,67,,
T,2023-05-08 09:45:22,37.74680000,112.71646000,1.40,817.445,-17.945,0.000,,42,67,,
T,2023-05-08 09:45:23,37.74680000,112.71646000,1.40,817.445,-17.945,0.000,,45,66,,
T,2023-05-08 09:45:24,37.74680000,112.71646000,1.40,817.445,-17.945,0.000,,43,66,,
T,2023-05-08 09:45:25,37.74680000,112.71646000,1.40,817.445,-17.945,0.000,,42,67,,
T,2023-05-08 09:45:26,37.74680000,112.71646000,1.30,817.445,-17.945,0.000,,44,67,,
T,2023-05-08 09:45:27,37.74680000,112.71646000,1.30,817.445,-17.945,0.000,,44,67,,
T,2023-05-08 09:45:28,37.74680000,112.71646000,1.30,817.445,-17.945,0.000,,44,67,,
T,2023-05-08 09:45:29,37.74680000,112.71646000,1.30,817.445,-17.945,0.000,,43,67,,
T,2023-05-08 09:45:30,37.74680000,112.71646000,1.30,817.445,-17.945,0.000,,44,67,,
T,2023-05-08 09:45:31,37.74680000,112.71646000,1.30,817.445,-17.945,0.000,,44,67,,
T,2023-05-08 09:45:32,37.74680000,112.71646000,1.30,817.445,-17.945,0.000,,45,67,,
T,2023-05-08 09:45:33,37.74680000,112.71646000,1.30,817.445,-17.945,0.000,,45,67,,
T,2023-05-08 09:45:34,37.74680000,112.71646000,1.30,817.445,-17.945,0.000,,44,67,,
T,2023-05-08 09:45:35,37.74680000,112.71646000,1.30,817.445,-17.945,0.000,,44,67,,
T,2023-05-08 09:45:36,37.74680000,112.71646000,1.40,817.445,-17.945,0.000,,44,67,,
T,2023-05-08 09:45:37,37.74680000,112.71646000,1.40,817.445,-17.945,0.000,,45,67,,
T,2023-05-08 09:45:38,37.74680000,112.71646000,1.40,817.445,-17.945,0.000,,45,67,,
T,2023-05-08 09:45:39,37.74680000,112.71646000,1.40,817.445,-17.945,0.000,,46,67,,
T,2023-05-08 09:45:40,37.74680000,112.71646000,1.40,817.445,-17.945,0.000,,43,67,,
T,2023-05-08 09:45:41,37.74680000,112.71646000,1.30,817.445,-17.945,0.000,,42,67,,
T,2023-05-08 09:45:42,37.74680000,112.71646000,1.30,817.445,-17.945,0.000,,44,67,,
T,2023-05-08 09:45:43,37.74680000,112.71646000,1.30,817.445,-17.945,0.000,,45,67,,
T,2023-05-08 09:45:44,37.74680000,112.71646000,1.30,817.445,-17.945,0.000,,44,67,,
T,2023-05-08 09:45:45,37.74680000,112.71646000,1.30,817.445,-17.945,0.000,,46,67,,
T,2023-05-08 09:45:46,37.74680000,112.71646000,1.30,817.445,-17.945,0.000,,46,67,,
T,2023-05-08 09:45:47,37.74680000,112.71646000,1.30,817.445,-17.945,0.000,,45,67,,
T,2023-05-08 09:45:48,37.74680000,112.71646000,1.30,817.445,-17.945,0.000,,44,67,,
T,2023-05-08 09:45:49,37.74680000,112.71646000,1.30,817.445,-17.945,0.000,,45,67,,
T,2023-05-08 09:45:50,37.74680000,112.71646000,1.30,817.445,-17.945,0.000,,44,67,,
T,2023-05-08 09:45:51,37.74680000,112.71646000,1.30,817.445,-17.945,0.000,,44,67,,
T,2023-05-08 09:45:52,37.74680000,112.71646000,1.30,817.445,-17.945,0.000,,44,67,,
T,2023-05-08 09:45:53,37.74680000,112.71646000,1.30,817.445,-17.945,0.000,,44,67,,
T,2023-05-08 09:45:54,37.74680000,112.71646000,1.30,817.445,-17.945,0.000,,44,67,,
T,2023-05-08 09:45:55,37.74680000,112.71646000,1.30,817.445,-17.945,0.000,,46,67,,
T,2023-05-08 09:45:56,37.74680000,112.71646000,1.20,817.445,-17.945,0.000,,46,67,,
T,2023-05-08 09:45:57,37.74680000,112.71646000,1.20,817.445,-17.945,0.000,,46,67,,
T,2023-05-08 09:45:58,37.74680000,112.71646000,1.30,817.445,-17.945,0.000,,46,67,,
T,2023-05-08 09:45:59,37.74680000,112.71646000,1.30,817.445,-17.945,0.000,,46,67,,
T,2023-05-08 09:46:00,37.74680000,112.71646000,1.30,817.445,-17.945,0.000,,46,67,,
T,2023-05-08 09:46:01,37.74680000,112.71646000,1.30,817.445,-17.945,0.000,,45,68,,
T,2023-05-08 09:46:02,37.74680000,112.71646000,1.30,817.445,-17.945,0.000,,44,68,,
T,2023-05-08 09:46:03,37.74680000,112.71646000,1.30,817.445,-17.945,0.000,,45,68,,
T,2023-05-08 09:46:04,37.74680000,112.71646000,1.30,817.445,-17.945,0.000,,45,68,,
T,2023-05-08 09:46:05,37.74680000,112.71646000,1.30,817.445,-17.945,0.000,,44,68,,
T,2023-05-08 09:46:06,37.74680000,112.71646000,1.30,817.445,-17.945,0.000,,45,68,,
T,2023-05-08 09:46:07,37.74680000,112.71645000,1.30,819.345,-17.945,0.272,331,44,67,,
T,2023-05-08 09:46:08,37.74680000,112.71645000,1.30,819.245,-17.945,0.332,11,45,68,,
T,2023-05-08 09:46:09,37.74681000,112.71645000,1.30,819.445,-17.945,0.370,31,46,68,,
T,2023-05-08 09:46:10,37.74681000,112.71645000,1.30,819.745,-17.945,0.396,41,46,68,,
T,2023-05-08 09:46:11,37.74681000,112.71645000,1.30,819.845,-17.945,0.000,,46,68,,
T,2023-05-08 09:46:12,37.74682000,112.71646000,1.30,819.945,-17.945,0.450,65,45,68,,
T,2023-05-08 09:46:13,37.74682000,112.71646000,1.30,820.045,-17.945,0.471,55,46,68,,
T,2023-05-08 09:46:14,37.74682000,112.71646000,1.30,820.145,-17.945,0.492,37,46,68,,
T,2023-05-08 09:46:15,37.74683000,112.71647000,1.30,820.045,-17.945,0.526,29,45,68,,
T,2023-05-08 09:46:16,37.74683000,112.71647000,1.30,820.045,-17.945,0.524,30,46,68,,
T,2023-05-08 09:46:17,37.74684000,112.71648000,1.30,820.145,-17.945,0.492,40,46,68,,
T,2023-05-08 09:46:18,37.74684000,112.71649000,1.30,820.045,-17.945,0.512,57,46,68,,
T,2023-05-08 09:46:19,37.74684000,112.71650000,1.30,819.945,-17.945,0.565,106,46,67,,
T,2023-05-08 09:46:20,37.74684000,112.71651000,1.30,819.745,-17.945,0.581,134,46,67,,
T,2023-05-08 09:46:21,37.74684000,112.71652000,1.30,819.445,-17.945,0.624,132,44,68,,
T,2023-05-08 09:46:22,37.74684000,112.71652000,1.30,819.245,-17.945,0.643,138,44,68,,
T,2023-05-08 09:46:23,37.74684000,112.71652000,1.30,819.145,-17.945,0.662,163,45,68,,
T,2023-05-08 09:46:24,37.74683000,112.71652000,1.30,819.145,-17.945,0.684,169,42,68,,
T,2023-05-08 09:46:25,37.74683000,112.71652000,1.30,818.845,-17.945,0.657,196,42,68,,
T,2023-05-08 09:46:26,37.74683000,112.71652000,1.30,818.645,-17.945,0.619,183,43,68,,
T,2023-05-08 09:46:27,37.74683000,112.71652000,1.30,818.445,-17.945,0.578,197,44,68,,
T,2023-05-08 09:46:28,37.74682000,112.71652000,1.30,818.345,-17.945,0.552,173,44,68,,
T,2023-05-08 09:46:29,37.74682000,112.71652000,1.30,818.145,-17.945,0.513,162,43,68,,
T,2023-05-08 09:46:30,37.74682000,112.71652000,1.30,817.945,-17.945,0.511,179,43,68,,
T,2023-05-08 09:46:31,37.74682000,112.71652000,1.30,817.845,-17.945,0.488,161,44,68,,
T,2023-05-08 09:46:32,37.74681000,112.71653000,1.30,817.645,-17.945,0.478,143,44,68,,
T,2023-05-08 09:46:33,37.74681000,112.71653000,1.30,817.545,-17.945,0.496,159,44,68,,
T,2023-05-08 09:46:34,37.74680000,112.71654000,1.30,817.445,-17.945,0.506,161,45,68,,
T,2023-05-08 09:46:35,37.74679000,112.71654000,1.30,817.345,-17.945,0.577,168,45,68,,
T,2023-05-08 09:46:36,37.74678000,112.71654000,1.30,817.245,-17.945,0.663,185,45,68,,
T,2023-05-08 09:46:37,37.74677000,112.71654000,1.30,817.145,-17.945,0.786,169,45,68,,
T,2023-05-08 09:46:38,37.74676000,112.71655000,1.30,816.945,-17.945,0.809,176,46,68,,
T,2023-05-08 09:46:39,37.74676000,112.71655000,1.30,816.945,-17.945,0.843,179,46,68,,
T,2023-05-08 09:46:40,37.74675000,112.71655000,1.30,816.945,-17.945,0.877,181,45,68,,
T,2023-05-08 09:46:41,37.74674000,112.71655000,1.40,816.845,-17.945,0.928,175,46,68,,
T,2023-05-08 09:46:42,37.74673000,112.71656000,1.40,816.745,-17.945,0.950,167,46,68,,
T,2023-05-08 09:46:43,37.74672000,112.71656000,1.30,816.745,-17.945,0.946,164,46,68,,
T,2023-05-08 09:46:44,37.74672000,112.71657000,1.30,816.845,-17.945,0.941,157,46,68,,
T,2023-05-08 09:46:45,37.74671000,112.71657000,1.30,816.745,-17.945,0.911,155,46,68,,
T,2023-05-08 09:46:46,37.74670000,112.71658000,1.30,816.745,-17.945,0.878,141,47,68,,
T,2023-05-08 09:46:47,37.74670000,112.71659000,1.30,816.744,-17.944,0.771,115,46,68,,
T,2023-05-08 09:46:48,37.74670000,112.71660000,1.40,816.644,-17.944,0.705,88,48,68,,
T,2023-05-08 09:46:49,37.74671000,112.71661000,1.40,816.244,-17.944,0.627,88,48,68,,
T,2023-05-08 09:46:50,37.74671000,112.71661000,1.30,816.044,-17.944,0.567,104,48,68,,
T,2023-05-08 09:46:51,37.74671000,112.71661000,1.30,815.944,-17.944,0.478,134,49,68,,
T,2023-05-08 09:46:52,37.74671000,112.71661000,1.30,815.844,-17.944,0.415,164,48,67,,
T,2023-05-08 09:46:53,37.74671000,112.71661000,1.30,815.544,-17.944,0.000,,48,67,,
T,2023-05-08 09:46:54,37.74671000,112.71661000,1.30,815.444,-17.944,0.000,,47,67,,
T,2023-05-08 09:46:55,37.74670000,112.71661000,1.30,815.344,-17.944,0.000,,47,67,,
T,2023-05-08 09:46:56,37.74670000,112.71661000,1.30,815.344,-17.944,0.000,,46,67,,
T,2023-05-08 09:46:57,37.74670000,112.71661000,1.30,815.344,-17.944,0.000,,47,67,,
T,2023-05-08 09:46:58,37.74670000,112.71661000,1.30,815.344,-17.944,0.000,,44,67,,
T,2023-05-08 09:46:59,37.74670000,112.71661000,1.30,815.344,-17.944,0.000,,46,67,,
T,2023-05-08 09:47:00,37.74670000,112.71661000,1.30,815.344,-17.944,0.000,,47,67,,
T,2023-05-08 09:47:01,37.74670000,112.71661000,1.30,815.344,-17.944,0.000,,46,67,,
T,2023-05-08 09:47:02,37.74670000,112.71661000,1.30,815.344,-17.944,0.000,,47,67,,
T,2023-05-08 09:47:03,37.74670000,112.71661000,1.30,815.344,-17.944,0.000,,46,67,,
T,2023-05-08 09:47:04,37.74670000,112.71661000,1.30,815.344,-17.944,0.000,,47,67,,
T,2023-05-08 09:47:05,37.74670000,112.71661000,1.30,815.344,-17.944,0.000,,47,67,,
T,2023-05-08 09:47:06,37.74670000,112.71661000,1.30,815.344,-17.944,0.000,,47,67,,
T,2023-05-08 09:47:07,37.74670000,112.71661000,1.30,815.344,-17.944,0.000,,47,67,,
T,2023-05-08 09:47:08,37.74670000,112.71661000,1.30,815.344,-17.944,0.000,,48,67,,
T,2023-05-08 09:47:09,37.74672000,112.71659000,1.30,815.844,-17.944,0.318,323,47,67,,
T,2023-05-08 09:47:10,37.74673000,112.71658000,1.40,815.645,-17.945,0.445,311,48,67,,
T,2023-05-08 09:47:11,37.74673000,112.71656000,1.40,815.545,-17.945,0.592,305,48,67,,
T,2023-05-08 09:47:12,37.74674000,112.71655000,1.40,815.445,-17.945,0.733,296,48,67,,
T,2023-05-08 09:47:13,37.74675000,112.71653000,1.60,815.345,-17.945,0.862,308,48,67,,
T,2023-05-08 09:47:14,37.74675000,112.71652000,1.50,815.245,-17.945,0.971,313,48,67,,
T,2023-05-08 09:47:15,37.74676000,112.71650000,1.50,815.345,-17.945,1.058,309,47,67,,
T,2023-05-08 09:47:16,37.74676000,112.71649000,1.50,815.545,-17.945,1.176,322,47,67,,
T,2023-05-08 09:47:17,37.74677000,112.71648000,1.50,815.645,-17.945,1.258,321,48,67,,
T,2023-05-08 09:47:18,37.74677000,112.71646000,1.50,816.245,-17.945,1.317,308,47,67,,
T,2023-05-08 09:47:19,37.74677000,112.71644000,1.60,817.045,-17.945,1.289,316,47,67,,
T,2023-05-08 09:47:20,37.74677000,112.71644000,1.60,817.745,-17.945,1.180,337,47,67,,
T,2023-05-08 09:47:21,37.74677000,112.71643000,1.50,818.345,-17.945,1.045,288,47,67,,
T,2023-05-08 09:47:22,37.74678000,112.71643000,1.50,818.845,-17.945,0.916,300,47,67,,
T,2023-05-08 09:47:23,37.74678000,112.71642000,1.40,819.345,-17.945,0.794,332,46,67,,
T,2023-05-08 09:47:24,37.74677000,112.71643000,1.40,819.745,-17.945,0.689,187,46,67,,
T,2023-05-08 09:47:25,37.74677000,112.71643000,1.40,820.045,-17.945,0.557,186,47,68,,
T,2023-05-08 09:47:26,37.74677000,112.71642000,1.30,820.245,-17.945,0.411,75,47,68,,
T,2023-05-08 09:47:27,37.74677000,112.71643000,1.30,819.845,-17.945,0.000,,48,68,,
T,2023-05-08 09:47:28,37.74678000,112.71643000,1.30,819.945,-17.945,0.000,,46,68,,
T,2023-05-08 09:47:29,37.74678000,112.71643000,1.30,820.045,-17.945,0.000,,46,68,,
T,2023-05-08 09:47:30,37.74678000,112.71643000,1.30,820.045,-17.945,0.000,,44,68,,
T,2023-05-08 09:47:31,37.74678000,112.71643000,1.30,820.045,-17.945,0.000,,44,68,,
T,2023-05-08 09:47:32,37.74678000,112.71643000,1.30,820.045,-17.945,0.000,,44,68,,
T,2023-05-08 09:47:33,37.74678000,112.71643000,1.30,820.045,-17.945,0.000,,44,68,,
T,2023-05-08 09:47:34,37.74678000,112.71643000,1.30,820.045,-17.945,0.000,,45,68,,
T,2023-05-08 09:47:35,37.74678000,112.71643000,1.30,820.045,-17.945,0.000,,46,68,,
T,2023-05-08 09:47:36,37.74678000,112.71643000,1.30,820.045,-17.945,0.000,,47,68,,
T,2023-05-08 09:47:37,37.74678000,112.71643000,1.30,820.045,-17.945,0.000,,46,68,,
T,2023-05-08 09:47:38,37.74678000,112.71643000,1.30,820.045,-17.945,0.000,,46,68,,
T,2023-05-08 09:47:39,37.74678000,112.71643000,1.30,820.045,-17.945,0.000,,46,68,,
T,2023-05-08 09:47:40,37.74678000,112.71643000,1.30,820.045,-17.945,0.000,,45,68,,
T,2023-05-08 09:47:41,37.74678000,112.71643000,1.30,820.045,-17.945,0.000,,45,68,,
T,2023-05-08 09:47:42,37.74678000,112.71643000,1.30,820.045,-17.945,0.000,,45,68,,
T,2023-05-08 09:47:43,37.74678000,112.71643000,1.30,820.045,-17.945,0.000,,45,68,,
T,2023-05-08 09:47:44,37.74678000,112.71643000,1.30,820.045,-17.945,0.000,,43,68,,
T,2023-05-08 09:47:45,37.74678000,112.71643000,1.30,820.045,-17.945,0.000,,44,68,,
T,2023-05-08 09:47:46,37.74678000,112.71643000,1.30,820.045,-17.945,0.000,,46,68,,
T,2023-05-08 09:47:47,37.74678000,112.71643000,1.30,820.045,-17.945,0.000,,47,68,,
T,2023-05-08 09:47:48,37.74678000,112.71643000,1.30,820.045,-17.945,0.000,,47,68,,
T,2023-05-08 09:47:49,37.74678000,112.71643000,1.30,820.045,-17.945,0.000,,46,68,,
T,2023-05-08 09:47:50,37.74678000,112.71643000,1.30,820.045,-17.945,0.000,,46,68,,
T,2023-05-08 09:47:51,37.74678000,112.71643000,1.30,820.045,-17.945,0.000,,47,68,,
T,2023-05-08 09:47:52,37.74678000,112.71643000,1.30,820.045,-17.945,0.000,,46,68,,
T,2023-05-08 09:47:53,37.74678000,112.71643000,1.30,820.045,-17.945,0.000,,45,68,,
T,2023-05-08 09:47:54,37.74678000,112.71643000,1.30,820.045,-17.945,0.000,,45,68,,
T,2023-05-08 09:47:55,37.74678000,112.71643000,1.30,820.045,-17.945,0.000,,45,68,,
T,2023-05-08 09:47:56,37.74678000,112.71643000,1.30,820.045,-17.945,0.000,,45,68,,
T,2023-05-08 09:47:57,37.74678000,112.71643000,1.30,820.045,-17.945,0.000,,45,68,,
T,2023-05-08 09:47:58,37.74678000,112.71643000,1.30,820.045,-17.945,0.000,,45,68,,
T,2023-05-08 09:47:59,37.74678000,112.71643000,1.30,820.045,-17.945,0.000,,44,68,,
T,2023-05-08 09:48:00,37.74678000,112.71643000,1.30,820.045,-17.945,0.000,,46,68,,
T,2023-05-08 09:48:01,37.74678000,112.71643000,1.30,820.045,-17.945,0.000,,46,68,,
T,2023-05-08 09:48:02,37.74678000,112.71643000,1.30,820.045,-17.945,0.000,,45,68,,
T,2023-05-08 09:48:03,37.74678000,112.71643000,1.30,820.045,-17.945,0.000,,44,68,,
T,2023-05-08 09:48:04,37.74678000,112.71643000,1.40,820.045,-17.945,0.000,,43,68,,
T,2023-05-08 09:48:05,37.74678000,112.71643000,1.40,820.045,-17.945,0.000,,45,68,,
T,2023-05-08 09:48:06,37.74678000,112.71643000,1.40,820.045,-17.945,0.000,,44,68,,
T,2023-05-08 09:48:07,37.74678000,112.71643000,1.40,820.045,-17.945,0.000,,42,68,,
T,2023-05-08 09:48:08,37.74678000,112.71643000,1.40,820.045,-17.945,0.000,,42,68,,
T,2023-05-08 09:48:09,37.74678000,112.71643000,1.40,820.045,-17.945,0.000,,46,68,,
T,2023-05-08 09:48:10,37.74678000,112.71643000,1.40,820.045,-17.945,0.000,,45,68,,
T,2023-05-08 09:48:11,37.74677000,112.71646000,1.40,822.445,-17.945,0.335,155,46,68,,
T,2023-05-08 09:48:12,37.74676000,112.71646000,1.40,822.345,-17.945,0.452,165,47,68,,
T,2023-05-08 09:48:13,37.74675000,112.71647000,1.40,822.345,-17.945,0.565,165,45,68,,
T,2023-05-08 09:48:14,37.74673000,112.71648000,1.40,822.645,-17.945,0.658,165,47,68,,
T,2023-05-08 09:48:15,37.74672000,112.71648000,1.40,822.445,-17.945,0.801,185,48,68,,
T,2023-05-08 09:48:16,37.74670000,112.71649000,1.40,822.445,-17.945,0.891,181,48,68,,
T,2023-05-08 09:48:17,37.74669000,112.71649000,1.40,822.345,-17.945,0.989,182,48,68,,
T,2023-05-08 09:48:18,37.74668000,112.71649000,1.40,822.245,-17.945,1.088,175,48,68,,
T,2023-05-08 09:48:19,37.74666000,112.71650000,1.40,822.145,-17.945,1.209,170,48,68,,
T,2023-05-08 09:48:20,37.74665000,112.71650000,1.40,821.945,-17.945,1.314,180,48,68,,
T,2023-05-08 09:48:21,37.74663000,112.71651000,1.50,822.245,-17.945,1.352,166,48,68,,
T,2023-05-08 09:48:22,37.74661000,112.71651000,1.60,822.745,-17.945,1.376,162,48,68,,
T,2023-05-08 09:48:23,37.74659000,112.71653000,1.60,823.345,-17.945,1.387,167,48,68,,
T,2023-05-08 09:48:24,37.74657000,112.71653000,1.60,824.345,-17.945,1.398,183,49,68,,
T,2023-05-08 09:48:25,37.74655000,112.71653000,1.60,825.045,-17.945,1.378,188,48,68,,
T,2023-05-08 09:48:26,37.74654000,112.71653000,1.60,825.745,-17.945,1.399,187,48,68,,
T,2023-05-08 09:48:27,37.74653000,112.71653000,1.60,826.445,-17.945,1.430,177,48,68,,
T,2023-05-08 09:48:28,37.74652000,112.71654000,1.60,826.245,-17.945,1.432,185,48,68,,
T,2023-05-08 09:48:29,37.74651000,112.71653000,1.60,826.145,-17.945,1.370,212,47,68,,
T,2023-05-08 09:48:30,37.74650000,112.71652000,1.60,826.045,-17.945,1.312,265,47,68,,
T,2023-05-08 09:48:31,37.74650000,112.71651000,1.60,825.945,-17.945,1.274,288,47,68,,
T,2023-05-08 09:48:32,37.74650000,112.71650000,1.60,825.545,-17.945,1.220,269,48,68,,
T,2023-05-08 09:48:33,37.74650000,112.71648000,1.50,824.945,-17.945,1.178,272,48,68,,
T,2023-05-08 09:48:34,37.74650000,112.71646000,1.50,824.645,-17.945,1.168,269,46,68,,
T,2023-05-08 09:48:35,37.74650000,112.71645000,1.50,824.145,-17.945,1.175,258,46,68,,
T,2023-05-08 09:48:36,37.74650000,112.71643000,1.50,823.345,-17.945,1.198,250,46,68,,
T,2023-05-08 09:48:37,37.74650000,112.71642000,1.50,822.745,-17.945,1.190,252,47,68,,
T,2023-05-08 09:48:38,37.74651000,112.71640000,1.50,821.945,-17.945,1.189,263,48,68,,
T,2023-05-08 09:48:39,37.74651000,112.71638000,1.50,820.945,-17.945,1.217,279,48,68,,
T,2023-05-08 09:48:40,37.74652000,112.71637000,1.50,820.045,-17.945,1.240,271,48,68,,
T,2023-05-08 09:48:41,37.74652000,112.71635000,1.50,819.545,-17.945,1.294,268,47,68,,
T,2023-05-08 09:48:42,37.74652000,112.71633000,1.50,819.146,-17.946,1.308,274,48,68,,
T,2023-05-08 09:48:43,37.74653000,112.71632000,1.50,818.646,-17.946,1.325,289,47,68,,
T,2023-05-08 09:48:44,37.74653000,112.71630000,1.50,817.946,-17.946,1.348,285,47,68,,
T,2023-05-08 09:48:45,37.74654000,112.71628000,1.50,817.546,-17.946,1.347,265,46,68,,
T,2023-05-08 09:48:46,37.74654000,112.71626000,1.50,816.846,-17.946,1.355,262,47,68,,
T,2023-05-08 09:48:47,37.74654000,112.71625000,1.60,816.546,-17.946,1.357,268,44,68,,
T,2023-05-08 09:48:48,37.74653000,112.71624000,1.60,816.146,-17.946,1.372,268,45,68,,
T,2023-05-08 09:48:49,37.74653000,112.71623000,1.60,815.746,-17.946,1.392,270,45,68,,
T,2023-05-08 09:48:50,37.74653000,112.71621000,1.60,815.446,-17.946,1.403,272,44,68,,
T,2023-05-08 09:48:51,37.74653000,112.71620000,1.50,815.146,-17.946,1.405,270,45,68,,
T,2023-05-08 09:48:52,37.74653000,112.71618000,1.40,814.446,-17.946,1.400,275,46,68,,
T,2023-05-08 09:48:53,37.74654000,112.71617000,1.40,813.946,-17.946,1.408,281,46,68,,
T,2023-05-08 09:48:54,37.74654000,112.71616000,1.50,813.746,-17.946,1.397,269,44,68,,
T,2023-05-08 09:48:55,37.74654000,112.71614000,1.50,813.246,-17.946,1.381,265,45,68,,
T,2023-05-08 09:48:56,37.74654000,112.71612000,1.60,812.746,-17.946,1.372,269,47,68,,
T,2023-05-08 09:48:57,37.74654000,112.71610000,1.50,812.246,-17.946,1.394,270,48,68,,
T,2023-05-08 09:48:58,37.74655000,112.71608000,1.60,811.847,-17.947,1.405,272,47,68,,
T,2023-05-08 09:48:59,37.74655000,112.71606000,1.60,811.347,-17.947,1.424,275,46,68,,
T,2023-05-08 09:49:00,37.74655000,112.71605000,1.60,811.047,-17.947,1.429,282,47,68,,
T,2023-05-08 09:49:01,37.74655000,112.71604000,1.60,810.747,-17.947,1.456,272,46,68,,
T,2023-05-08 09:49:02,37.74655000,112.71602000,1.60,810.747,-17.947,1.468,273,46,68,,
T,2023-05-08 09:49:03,37.74656000,112.71601000,1.50,810.347,-17.947,1.477,276,45,68,,
T,2023-05-08 09:49:04,37.74656000,112.71599000,1.40,810.147,-17.947,1.475,274,46,68,,
T,2023-05-08 09:49:05,37.74656000,112.71598000,1.40,809.847,-17.947,1.445,278,46,68,,
T,2023-05-08 09:49:06,37.74656000,112.71597000,1.40,809.447,-17.947,1.415,270,46,68,,
T,2023-05-08 09:49:07,37.74656000,112.71595000,1.40,809.247,-17.947,1.381,260,47,68,,
T,2023-05-08 09:49:08,37.74655000,112.71593000,1.40,809.247,-17.947,1.373,263,47,68,,
T,2023-05-08 09:49:09,37.74655000,112.71592000,1.40,809.047,-17.947,1.370,258,47,68,,
T,2023-05-08 09:49:10,37.74655000,112.71590000,1.40,808.947,-17.947,1.341,257,47,68,,
T,2023-05-08 09:49:11,37.74654000,112.71589000,1.40,808.847,-17.947,1.303,265,47,68,,
T,2023-05-08 09:49:12,37.74654000,112.71587000,1.40,808.647,-17.947,1.299,255,47,68,,
T,2023-05-08 09:49:13,37.74654000,112.71585000,1.40,808.547,-17.947,1.291,265,47,68,,
T,2023-05-08 09:49:14,37.74654000,112.71584000,1.40,808.648,-17.948,1.307,271,46,68,,
T,2023-05-08 09:49:15,37.74654000,112.71582000,1.40,808.548,-17.948,1.338,272,46,68,,
T,2023-05-08 09:49:16,37.74654000,112.71580000,1.40,808.148,-17.948,1.371,264,46,68,,
T,2023-05-08 09:49:17,37.74654000,112.71578000,1.40,808.048,-17.948,1.369,280,47,68,,
T,2023-05-08 09:49:18,37.74654000,112.71577000,1.40,807.748,-17.948,1.357,270,47,68,,
T,2023-05-08 09:49:19,37.74654000,112.71575000,1.40,807.748,-17.948,1.336,270,47,68,,
T,2023-05-08 09:49:20,37.74654000,112.71574000,1.40,807.748,-17.948,1.350,269,47,68,,
T,2023-05-08 09:49:21,37.74654000,112.71572000,1.40,807.748,-17.948,1.341,267,49,68,,
T,2023-05-08 09:49:22,37.74654000,112.71571000,1.30,807.848,-17.948,1.361,280,49,68,,
T,2023-05-08 09:49:23,37.74654000,112.71569000,1.30,807.848,-17.948,1.363,266,49,68,,
T,2023-05-08 09:49:24,37.74654000,112.71568000,1.30,807.748,-17.948,1.336,274,48,68,,
T,2023-05-08 09:49:25,37.74654000,112.71566000,1.30,807.748,-17.948,1.350,266,48,68,,
T,2023-05-08 09:49:26,37.74654000,112.71564000,1.50,807.848,-17.948,1.361,269,47,68,,
T,2023-05-08 09:49:27,37.74654000,112.71562000,1.50,807.848,-17.948,1.392,268,47,68,,
T,2023-05-08 09:49:28,37.74654000,112.71560000,1.60,807.748,-17.948,1.424,274,48,68,,
T,2023-05-08 09:49:29,37.74654000,112.71559000,1.50,807.449,-17.949,1.417,283,47,68,,
T,2023-05-08 09:49:30,37.74654000,112.71557000,1.50,807.049,-17.949,1.401,282,47,68,,
T,2023-05-08 09:49:31,37.74654000,112.71556000,1.40,806.849,-17.949,1.401,283,47,68,,
T,2023-05-08 09:49:32,37.74655000,112.71554000,1.50,806.649,-17.949,1.399,268,47,68,,
T,2023-05-08 09:49:33,37.74655000,112.71553000,1.50,806.449,-17.949,1.420,272,47,68,,
T,2023-05-08 09:49:34,37.74655000,112.71551000,1.50,806.249,-17.949,1.443,296,42,68,,
T,2023-05-08 09:49:35,37.74655000,112.71550000,1.50,805.949,-17.949,1.441,281,41,68,,
T,2023-05-08 09:49:36,37.74655000,112.71548000,1.50,805.849,-17.949,1.427,275,46,68,,
T,2023-05-08 09:49:37,37.74655000,112.71547000,1.50,805.449,-17.949,1.408,313,46,68,,
T,2023-05-08 09:49:38,37.74656000,112.71546000,1.50,805.249,-17.949,1.402,325,48,68,,
T,2023-05-08 09:49:39,37.74658000,112.71545000,1.40,805.149,-17.949,1.403,344,47,68,,
T,2023-05-08 09:49:40,37.74659000,112.71545000,1.50,805.149,-17.949,1.428,350,46,68,,
T,2023-05-08 09:49:41,37.74660000,112.71545000,1.50,805.249,-17.949,1.446,355,46,68,,
T,2023-05-08 09:49:42,37.74661000,112.71545000,1.50,805.449,-17.949,1.437,358,45,68,,
T,2023-05-08 09:49:43,37.74663000,112.71544000,1.40,805.549,-17.949,1.446,349,47,68,,
T,2023-05-08 09:49:44,37.74664000,112.71544000,1.50,805.849,-17.949,1.440,350,47,68,,
T,2023-05-08 09:49:45,37.74665000,112.71543000,1.50,806.149,-17.949,1.447,350,48,68,,
T,2023-05-08 09:49:46,37.74667000,112.71542000,1.40,806.449,-17.949,1.450,338,46,68,,
T,2023-05-08 09:49:47,37.74668000,112.71542000,1.40,806.449,-17.949,1.452,327,47,68,,
T,2023-05-08 09:49:48,37.74669000,112.71541000,1.40,806.849,-17.949,1.454,336,47,68,,
T,2023-05-08 09:49:49,37.74670000,112.71541000,1.40,807.149,-17.949,1.465,353,46,68,,
T,2023-05-08 09:49:50,37.74672000,112.71541000,1.30,807.449,-17.949,1.442,359,47,68,,
T,2023-05-08 09:49:51,37.74673000,112.71541000,1.30,807.649,-17.949,1.427,355,46,68,,
T,2023-05-08 09:49:52,37.74674000,112.71540000,1.30,807.949,-17.949,1.415,358,45,69,,
T,2023-05-08 09:49:53,37.74676000,112.71540000,1.30,807.749,-17.949,1.383,342,43,69,,
T,2023-05-08 09:49:54,37.74677000,112.71540000,1.30,807.849,-17.949,1.379,330,44,69,,
T,2023-05-08 09:49:55,37.74678000,112.71539000,1.40,807.649,-17.949,1.364,313,45,69,,
T,2023-05-08 09:49:56,37.74678000,112.71538000,1.40,807.349,-17.949,1.353,278,45,69,,
T,2023-05-08 09:49:57,37.74678000,112.71537000,1.40,807.049,-17.949,1.288,281,46,69,,
T,2023-05-08 09:49:58,37.74679000,112.71537000,1.40,806.849,-17.949,1.219,280,46,69,,
T,2023-05-08 09:49:59,37.74680000,112.71536000,1.50,806.549,-17.949,1.216,322,45,69,,
T,2023-05-08 09:50:00,37.74681000,112.71535000,1.40,806.549,-17.949,1.248,332,45,69,,
T,2023-05-08 09:50:01,37.74682000,112.71534000,1.50,806.949,-17.949,1.270,334,46,69,,
T,2023-05-08 09:50:02,37.74683000,112.71533000,1.50,807.450,-17.950,1.277,317,45,69,,
T,2023-05-08 09:50:03,37.74683000,112.71531000,1.50,807.750,-17.950,1.282,304,46,69,,
T,2023-05-08 09:50:04,37.74684000,112.71529000,1.50,807.950,-17.950,1.282,281,47,69,,
T,2023-05-08 09:50:05,37.74684000,112.71527000,1.50,808.150,-17.950,1.289,270,46,69,,
T,2023-05-08 09:50:06,37.74684000,112.71526000,1.50,808.350,-17.950,1.293,263,47,69,,
T,2023-05-08 09:50:07,37.74684000,112.71525000,1.50,808.250,-17.950,1.356,270,47,69,,
T,2023-05-08 09:50:08,37.74685000,112.71524000,1.50,808.150,-17.950,1.403,272,47,69,,
T,2023-05-08 09:50:09,37.74685000,112.71522000,1.50,808.250,-17.950,1.409,283,47,69,,
T,2023-05-08 09:50:10,37.74685000,112.71521000,1.50,808.250,-17.950,1.342,286,48,69,,
T,2023-05-08 09:50:11,37.74685000,112.71520000,1.40,808.150,-17.950,1.296,252,47,69,,
T,2023-05-08 09:50:12,37.74684000,112.71519000,1.40,807.850,-17.950,1.284,233,48,69,,
T,2023-05-08 09:50:13,37.74684000,112.71518000,1.40,807.550,-17.950,1.254,260,49,69,,
T,2023-05-08 09:50:14,37.74684000,112.71517000,1.40,807.450,-17.950,1.168,260,48,69,,
T,2023-05-08 09:50:15,37.74683000,112.71517000,1.40,807.450,-17.950,1.102,256,48,69,,
T,2023-05-08 09:50:16,37.74683000,112.71515000,1.40,807.550,-17.950,1.055,243,48,69,,
T,2023-05-08 09:50:17,37.74682000,112.71514000,1.40,807.550,-17.950,1.043,239,47,69,,
T,2023-05-08 09:50:18,37.74682000,112.71513000,1.40,807.350,-17.950,1.043,247,49,69,,
T,2023-05-08 09:50:19,37.74682000,112.71512000,1.40,807.450,-17.950,1.005,206,48,69,,
T,2023-05-08 09:50:20,37.74681000,112.71511000,1.40,807.550,-17.950,0.949,239,48,69,,
T,2023-05-08 09:50:21,37.74681000,112.71511000,1.30,807.850,-17.950,0.872,241,48,69,,
T,2023-05-08 09:50:22,37.74681000,112.71511000,1.30,808.050,-17.950,0.765,339,48,69,,
T,2023-05-08 09:50:23,37.74682000,112.71511000,1.30,808.250,-17.950,0.680,17,48,69,,
T,2023-05-08 09:50:24,37.74682000,112.71510000,1.30,808.350,-17.950,0.657,262,50,69,,
T,2023-05-08 09:50:25,37.74681000,112.71510000,1.30,808.650,-17.950,0.609,29,49,69,,
T,2023-05-08 09:50:26,37.74681000,112.71510000,1.30,808.550,-17.950,0.530,19,48,69,,
T,2023-05-08 09:50:27,37.74682000,112.71510000,1.30,808.650,-17.950,0.473,306,48,69,,
T,2023-05-08 09:50:28,37.74682000,112.71510000,1.30,808.550,-17.950,0.000,,48,69,,
T,2023-05-08 09:50:29,37.74682000,112.71510000,1.30,808.350,-17.950,0.000,,48,69,,
T,2023-05-08 09:50:30,37.74683000,112.71511000,1.30,808.450,-17.950,0.398,5,48,69,,
T,2023-05-08 09:50:31,37.74684000,112.71511000,1.40,808.450,-17.950,0.467,331,48,69,,
T,2023-05-08 09:50:32,37.74684000,112.71510000,1.40,808.350,-17.950,0.485,58,47,69,,
T,2023-05-08 09:50:33,37.74684000,112.71510000,1.40,808.550,-17.950,0.486,1,49,69,,
T,2023-05-08 09:50:34,37.74685000,112.71509000,1.40,808.750,-17.950,0.510,340,49,68,,
T,2023-05-08 09:50:35,37.74686000,112.71508000,1.40,808.950,-17.950,0.515,307,50,68,,
T,2023-05-08 09:50:36,37.74686000,112.71508000,1.40,808.750,-17.950,0.554,267,47,68,,
T,2023-05-08 09:50:37,37.74686000,112.71507000,1.40,808.851,-17.951,0.547,248,47,68,,
T,2023-05-08 09:50:38,37.74686000,112.71506000,1.40,809.051,-17.951,0.564,255,48,68,,
T,2023-05-08 09:50:39,37.74685000,112.71506000,1.40,809.251,-17.951,0.526,192,48,68,,
T,2023-05-08 09:50:40,37.74685000,112.71506000,1.30,809.351,-17.951,0.435,204,47,68,,
T,2023-05-08 09:50:41,37.74685000,112.71506000,1.30,809.451,-17.951,0.000,,48,68,,
T,2023-05-08 09:50:42,37.74685000,112.71505000,1.20,809.651,-17.951,0.000,,48,68,,
T,2023-05-08 09:50:43,37.74686000,112.71505000,1.30,809.751,-17.951,0.421,331,49,68,,
T,2023-05-08 09:50:44,37.74686000,112.71504000,1.40,809.951,-17.951,0.408,9,49,68,,
T,2023-05-08 09:50:45,37.74687000,112.71504000,1.30,809.851,-17.951,0.000,,48,68,,
T,2023-05-08 09:50:46,37.74687000,112.71504000,1.30,809.951,-17.951,0.000,,49,68,,
T,2023-05-08 09:50:47,37.74687000,112.71504000,1.30,810.051,-17.951,0.000,,49,68,,
T,2023-05-08 09:50:48,37.74687000,112.71504000,1.20,810.051,-17.951,0.000,,49,68,,
T,2023-05-08 09:50:49,37.74687000,112.71504000,1.20,810.051,-17.951,0.000,,48,68,,
T,2023-05-08 09:50:50,37.74687000,112.71504000,1.20,810.051,-17.951,0.000,,47,68,,
