type,date time,latitude,longitude,accuracy(m),altitude(m),geoid_height(m),speed(m/s),bearing(deg),sat_used,sat_inview,name,desc
T,2023-05-08 09:51:05,37.74686000,112.71506000,1.30,810.451,-17.951,0.000,,49,68,20230508-175105,GPS Logger: 20230508-175105
T,2023-05-08 09:51:06,37.74686000,112.71506000,1.30,810.451,-17.951,0.000,,49,68,,
T,2023-05-08 09:51:07,37.74686000,112.71506000,1.30,810.451,-17.951,0.000,,49,68,,
T,2023-05-08 09:51:08,37.74686000,112.71506000,1.20,810.451,-17.951,0.000,,49,68,,
T,2023-05-08 09:51:09,37.74686000,112.71506000,1.20,810.451,-17.951,0.000,,49,68,,
T,2023-05-08 09:51:10,37.74686000,112.71506000,1.30,810.451,-17.951,0.000,,49,68,,
T,2023-05-08 09:51:11,37.74686000,112.71506000,1.30,810.451,-17.951,0.000,,48,68,,
T,2023-05-08 09:51:12,37.74686000,112.71506000,1.20,810.451,-17.951,0.000,,50,68,,
T,2023-05-08 09:51:13,37.74686000,112.71506000,1.20,810.451,-17.951,0.000,,50,68,,
T,2023-05-08 09:51:14,37.74686000,112.71506000,1.20,810.451,-17.951,0.000,,50,68,,
T,2023-05-08 09:51:15,37.74686000,112.71506000,1.20,810.451,-17.951,0.000,,50,68,,
T,2023-05-08 09:51:16,37.74686000,112.71506000,1.20,810.451,-17.951,0.000,,50,68,,
T,2023-05-08 09:51:17,37.74686000,112.71506000,1.20,810.451,-17.951,0.000,,50,68,,
T,2023-05-08 09:51:18,37.74686000,112.71506000,1.20,810.451,-17.951,0.000,,50,68,,
T,2023-05-08 09:51:19,37.74686000,112.71506000,1.20,810.451,-17.951,0.000,,50,68,,
T,2023-05-08 09:51:20,37.74686000,112.71506000,1.20,810.451,-17.951,0.000,,50,68,,
T,2023-05-08 09:51:21,37.74686000,112.71506000,1.20,810.451,-17.951,0.000,,50,68,,
T,2023-05-08 09:51:22,37.74686000,112.71506000,1.20,810.451,-17.951,0.000,,50,68,,
T,2023-05-08 09:51:23,37.74686000,112.71506000,1.20,810.451,-17.951,0.000,,49,68,,
T,2023-05-08 09:51:24,37.74686000,112.71506000,1.20,810.451,-17.951,0.000,,49,68,,
T,2023-05-08 09:51:25,37.74686000,112.71506000,1.20,810.451,-17.951,0.000,,49,68,,
T,2023-05-08 09:51:26,37.74686000,112.71506000,1.20,810.451,-17.951,0.000,,49,68,,
T,2023-05-08 09:51:27,37.74686000,112.71506000,1.20,810.451,-17.951,0.000,,50,68,,
T,2023-05-08 09:51:28,37.74686000,112.71506000,1.20,810.451,-17.951,0.000,,50,68,,
T,2023-05-08 09:51:29,37.74686000,112.71506000,1.20,810.451,-17.951,0.000,,50,68,,
T,2023-05-08 09:51:30,37.74686000,112.71506000,1.20,810.451,-17.951,0.000,,50,68,,
T,2023-05-08 09:51:31,37.74686000,112.71506000,1.20,810.451,-17.951,0.000,,48,68,,
T,2023-05-08 09:51:32,37.74686000,112.71506000,1.10,810.451,-17.951,0.000,,47,68,,
T,2023-05-08 09:51:33,37.74686000,112.71506000,1.10,810.451,-17.951,0.000,,46,68,,
T,2023-05-08 09:51:34,37.74686000,112.71506000,1.20,810.451,-17.951,0.000,,47,68,,
T,2023-05-08 09:51:35,37.74686000,112.71506000,1.10,810.451,-17.951,0.000,,47,68,,
T,2023-05-08 09:51:36,37.74686000,112.71506000,1.20,810.451,-17.951,0.000,,48,68,,
T,2023-05-08 09:51:37,37.74686000,112.71506000,1.10,810.451,-17.951,0.000,,48,68,,
T,2023-05-08 09:51:38,37.74686000,112.71506000,1.20,810.451,-17.951,0.000,,49,68,,
T,2023-05-08 09:51:39,37.74686000,112.71506000,1.20,810.451,-17.951,0.000,,49,68,,
T,2023-05-08 09:51:40,37.74686000,112.71506000,1.30,810.451,-17.951,0.000,,49,67,,
T,2023-05-08 09:51:41,37.74686000,112.71506000,1.30,810.451,-17.951,0.000,,48,67,,
T,2023-05-08 09:51:42,37.74686000,112.71506000,1.30,810.451,-17.951,0.000,,45,67,,
T,2023-05-08 09:51:43,37.74686000,112.71506000,1.30,810.451,-17.951,0.000,,45,68,,
T,2023-05-08 09:51:44,37.74686000,112.71506000,1.30,810.451,-17.951,0.000,,46,68,,
T,2023-05-08 09:51:45,37.74686000,112.71506000,1.30,810.451,-17.951,0.000,,47,68,,
T,2023-05-08 09:51:46,37.74686000,112.71506000,1.30,810.451,-17.951,0.000,,48,68,,
T,2023-05-08 09:51:47,37.74686000,112.71506000,1.30,810.451,-17.951,0.000,,48,68,,
T,2023-05-08 09:51:48,37.74686000,112.71506000,1.30,810.451,-17.951,0.000,,48,68,,
T,2023-05-08 09:51:49,37.74686000,112.71506000,1.30,810.451,-17.951,0.000,,46,68,,
T,2023-05-08 09:51:50,37.74686000,112.71506000,1.30,810.451,-17.951,0.000,,46,68,,
T,2023-05-08 09:51:51,37.74686000,112.71506000,1.30,810.451,-17.951,0.000,,46,68,,
T,2023-05-08 09:51:52,37.74686000,112.71506000,1.30,810.451,-17.951,0.000,,48,68,,
T,2023-05-08 09:51:53,37.74686000,112.71506000,1.30,810.451,-17.951,0.000,,47,68,,
T,2023-05-08 09:51:54,37.74686000,112.71506000,1.30,810.451,-17.951,0.000,,48,68,,
T,2023-05-08 09:51:55,37.74686000,112.71506000,1.30,810.451,-17.951,0.000,,48,68,,
T,2023-05-08 09:51:56,37.74686000,112.71506000,1.30,810.451,-17.951,0.000,,48,68,,
T,2023-05-08 09:51:57,37.74686000,112.71506000,1.30,810.451,-17.951,0.000,,48,68,,
T,2023-05-08 09:51:58,37.74686000,112.71506000,1.30,810.451,-17.951,0.000,,48,68,,
T,2023-05-08 09:51:59,37.74686000,112.71506000,1.30,810.451,-17.951,0.000,,49,68,,
T,2023-05-08 09:52:00,37.74686000,112.71506000,1.30,810.451,-17.951,0.000,,49,68,,
T,2023-05-08 09:52:01,37.74686000,112.71506000,1.30,810.451,-17.951,0.000,,47,68,,
T,2023-05-08 09:52:02,37.74686000,112.71506000,1.30,810.451,-17.951,0.000,,49,68,,
T,2023-05-08 09:52:03,37.74686000,112.71506000,1.30,810.451,-17.951,0.000,,48,68,,
T,2023-05-08 09:52:04,37.74686000,112.71506000,1.30,810.451,-17.951,0.000,,47,68,,
T,2023-05-08 09:52:05,37.74686000,112.71506000,1.30,810.451,-17.951,0.000,,48,68,,
T,2023-05-08 09:52:06,37.74686000,112.71506000,1.30,810.451,-17.951,0.000,,47,68,,
T,2023-05-08 09:52:07,37.74686000,112.71506000,1.30,810.451,-17.951,0.000,,47,68,,
T,2023-05-08 09:52:08,37.74686000,112.71506000,1.30,810.451,-17.951,0.000,,49,68,,
T,2023-05-08 09:52:09,37.74686000,112.71506000,1.30,810.451,-17.951,0.000,,48,68,,
T,2023-05-08 09:52:10,37.74686000,112.71506000,1.30,810.451,-17.951,0.000,,48,68,,
T,2023-05-08 09:52:11,37.74686000,112.71506000,1.30,810.451,-17.951,0.000,,46,68,,
T,2023-05-08 09:52:12,37.74686000,112.71506000,1.30,810.451,-17.951,0.000,,47,68,,
T,2023-05-08 09:52:13,37.74686000,112.71506000,1.30,810.451,-17.951,0.000,,47,68,,
T,2023-05-08 09:52:14,37.74686000,112.71506000,1.30,810.451,-17.951,0.000,,48,68,,
T,2023-05-08 09:52:15,37.74686000,112.71506000,1.30,810.451,-17.951,0.000,,49,68,,
T,2023-05-08 09:52:16,37.74686000,112.71506000,1.20,810.451,-17.951,0.000,,49,68,,
T,2023-05-08 09:52:17,37.74686000,112.71506000,1.30,810.451,-17.951,0.000,,48,68,,
T,2023-05-08 09:52:18,37.74686000,112.71506000,1.30,810.451,-17.951,0.000,,48,68,,
T,2023-05-08 09:52:19,37.74686000,112.71506000,1.30,810.451,-17.951,0.000,,49,67,,
T,2023-05-08 09:52:20,37.74686000,112.71506000,1.30,810.451,-17.951,0.000,,50,68,,
T,2023-05-08 09:52:21,37.74686000,112.71506000,1.30,810.451,-17.951,0.000,,50,68,,
T,2023-05-08 09:52:22,37.74686000,112.71506000,1.30,810.451,-17.951,0.000,,49,68,,
T,2023-05-08 09:52:23,37.74686000,112.71506000,1.30,810.451,-17.951,0.000,,49,68,,
T,2023-05-08 09:52:24,37.74686000,112.71506000,1.30,810.451,-17.951,0.000,,50,68,,
T,2023-05-08 09:52:25,37.74686000,112.71506000,1.20,810.451,-17.951,0.000,,50,68,,
T,2023-05-08 09:52:26,37.74686000,112.71506000,1.20,810.451,-17.951,0.000,,50,68,,
T,2023-05-08 09:52:27,37.74686000,112.71506000,1.20,810.451,-17.951,0.000,,50,68,,
T,2023-05-08 09:52:28,37.74686000,112.71506000,1.30,810.451,-17.951,0.000,,50,68,,
T,2023-05-08 09:52:29,37.74686000,112.71506000,1.30,810.451,-17.951,0.000,,50,68,,
T,2023-05-08 09:52:30,37.74686000,112.71506000,1.30,810.451,-17.951,0.000,,46,68,,
T,2023-05-08 09:52:31,37.74686000,112.71506000,1.30,810.451,-17.951,0.000,,43,68,,
T,2023-05-08 09:52:32,37.74686000,112.71506000,1.30,810.451,-17.951,0.000,,43,68,,
T,2023-05-08 09:52:33,37.74686000,112.71506000,1.30,810.451,-17.951,0.000,,43,68,,
T,2023-05-08 09:52:34,37.74686000,112.71506000,1.30,810.451,-17.951,0.000,,44,68,,
T,2023-05-08 09:52:35,37.74686000,112.71506000,1.30,810.451,-17.951,0.000,,44,68,,
T,2023-05-08 09:52:36,37.74686000,112.71506000,1.40,810.451,-17.951,0.000,,44,68,,
T,2023-05-08 09:52:37,37.74686000,112.71506000,1.40,810.451,-17.951,0.000,,43,68,,
T,2023-05-08 09:52:38,37.74686000,112.71506000,1.40,810.451,-17.951,0.000,,43,68,,
T,2023-05-08 09:52:39,37.74686000,112.71506000,1.40,810.451,-17.951,0.000,,43,67,,
T,2023-05-08 09:52:40,37.74686000,112.71506000,1.40,810.451,-17.951,0.000,,41,68,,
T,2023-05-08 09:52:41,37.74686000,112.71506000,1.40,810.451,-17.951,0.000,,43,68,,
T,2023-05-08 09:52:42,37.74686000,112.71506000,1.40,810.451,-17.951,0.000,,42,69,,
T,2023-05-08 09:52:43,37.74686000,112.71506000,1.40,810.451,-17.951,0.000,,43,69,,
T,2023-05-08 09:52:44,37.74686000,112.71506000,1.40,810.451,-17.951,0.000,,42,69,,
T,2023-05-08 09:52:45,37.74686000,112.71506000,1.40,810.451,-17.951,0.000,,43,69,,
T,2023-05-08 09:52:46,37.74686000,112.71506000,1.40,810.451,-17.951,0.000,,41,69,,
T,2023-05-08 09:52:47,37.74686000,112.71506000,1.30,810.451,-17.951,0.000,,45,69,,
T,2023-05-08 09:52:48,37.74686000,112.71506000,1.30,810.451,-17.951,0.000,,46,69,,
T,2023-05-08 09:52:49,37.74686000,112.71506000,1.20,810.451,-17.951,0.000,,48,69,,
T,2023-05-08 09:52:50,37.74686000,112.71506000,1.30,810.451,-17.951,0.000,,48,69,,
T,2023-05-08 09:52:51,37.74686000,112.71506000,1.30,810.451,-17.951,0.000,,49,69,,
T,2023-05-08 09:52:52,37.74686000,112.71506000,1.30,810.451,-17.951,0.000,,49,69,,
T,2023-05-08 09:52:53,37.74686000,112.71506000,1.30,810.451,-17.951,0.000,,48,69,,
T,2023-05-08 09:52:54,37.74682000,112.71508000,1.30,810.451,-17.951,0.241,172,47,69,,
T,2023-05-08 09:52:55,37.74681000,112.71508000,1.40,810.451,-17.951,0.276,172,47,70,,
T,2023-05-08 09:52:56,37.74680000,112.71508000,1.40,810.351,-17.951,0.345,186,47,70,,
T,2023-05-08 09:52:57,37.74679000,112.71508000,1.40,810.351,-17.951,0.436,189,48,70,,
T,2023-05-08 09:52:58,37.74678000,112.71508000,1.50,810.451,-17.951,0.520,173,48,70,,
T,2023-05-08 09:52:59,37.74678000,112.71507000,1.50,810.351,-17.951,0.568,202,48,70,,
T,2023-05-08 09:53:00,37.74677000,112.71507000,1.40,810.251,-17.951,0.626,196,49,70,,
T,2023-05-08 09:53:01,37.74676000,112.71507000,1.50,810.451,-17.951,0.682,183,48,70,,
T,2023-05-08 09:53:02,37.74676000,112.71507000,1.40,810.751,-17.951,0.727,188,48,70,,
T,2023-05-08 09:53:03,37.74675000,112.71507000,1.40,810.751,-17.951,0.783,188,49,70,,
T,2023-05-08 09:53:04,37.74674000,112.71507000,1.40,810.851,-17.951,0.843,188,49,70,,
T,2023-05-08 09:53:05,37.74673000,112.71507000,1.50,810.651,-17.951,0.874,176,49,70,,
T,2023-05-08 09:53:06,37.74672000,112.71507000,1.50,810.651,-17.951,0.915,191,50,70,,
T,2023-05-08 09:53:07,37.74671000,112.71507000,1.50,810.351,-17.951,0.927,181,50,70,,
T,2023-05-08 09:53:08,37.74670000,112.71507000,1.50,810.151,-17.951,0.956,179,50,70,,
T,2023-05-08 09:53:09,37.74668000,112.71507000,1.50,809.951,-17.951,0.997,175,50,70,,
T,2023-05-08 09:53:10,37.74667000,112.71507000,1.50,809.451,-17.951,1.026,185,50,70,,
T,2023-05-08 09:53:11,37.74666000,112.71507000,1.50,808.851,-17.951,1.058,185,49,70,,
T,2023-05-08 09:53:12,37.74665000,112.71507000,1.50,808.551,-17.951,1.083,203,49,70,,
T,2023-05-08 09:53:13,37.74664000,112.71507000,1.50,808.451,-17.951,1.083,190,49,70,,
T,2023-05-08 09:53:14,37.74663000,112.71507000,1.40,808.251,-17.951,1.151,173,48,70,,
T,2023-05-08 09:53:15,37.74662000,112.71507000,1.50,808.251,-17.951,1.284,170,49,70,,
T,2023-05-08 09:53:16,37.74661000,112.71507000,1.50,808.351,-17.951,1.310,177,48,70,,
T,2023-05-08 09:53:17,37.74660000,112.71508000,1.50,808.551,-17.951,1.222,171,50,70,,
T,2023-05-08 09:53:18,37.74660000,112.71507000,1.40,808.951,-17.951,1.160,233,49,70,,
T,2023-05-08 09:53:19,37.74659000,112.71507000,1.40,809.251,-17.951,1.099,260,49,70,,
T,2023-05-08 09:53:20,37.74659000,112.71507000,1.40,809.651,-17.951,1.059,176,50,70,,
T,2023-05-08 09:53:21,37.74658000,112.71507000,1.40,810.051,-17.951,1.047,169,49,70,,
T,2023-05-08 09:53:22,37.74657000,112.71506000,1.40,810.451,-17.951,1.006,204,49,70,,
T,2023-05-08 09:53:23,37.74657000,112.71506000,1.40,810.751,-17.951,0.927,149,50,70,,
T,2023-05-08 09:53:24,37.74657000,112.71506000,1.30,810.851,-17.951,0.796,265,50,70,,
T,2023-05-08 09:53:25,37.74657000,112.71505000,1.30,810.951,-17.951,0.634,271,50,70,,
T,2023-05-08 09:53:26,37.74657000,112.71504000,1.40,810.951,-17.951,0.545,297,50,70,,
T,2023-05-08 09:53:27,37.74657000,112.71503000,1.40,810.851,-17.951,0.570,305,50,70,,
T,2023-05-08 09:53:28,37.74656000,112.71502000,1.30,810.651,-17.951,0.541,284,50,70,,
T,2023-05-08 09:53:29,37.74656000,112.71501000,1.30,810.651,-17.951,0.523,302,51,70,,
T,2023-05-08 09:53:30,37.74656000,112.71500000,1.30,810.451,-17.951,0.545,271,51,70,,
T,2023-05-08 09:53:31,37.74655000,112.71498000,1.40,810.451,-17.951,0.654,251,51,70,,
T,2023-05-08 09:53:32,37.74655000,112.71496000,1.50,810.151,-17.951,0.707,258,51,70,,
T,2023-05-08 09:53:33,37.74655000,112.71495000,1.40,809.851,-17.951,0.781,292,51,70,,
T,2023-05-08 09:53:34,37.74655000,112.71494000,1.40,809.651,-17.951,0.801,288,51,70,,
T,2023-05-08 09:53:35,37.74655000,112.71493000,1.40,809.651,-17.951,0.844,295,51,70,,
T,2023-05-08 09:53:36,37.74655000,112.71491000,1.40,809.951,-17.951,0.886,268,50,70,,
T,2023-05-08 09:53:37,37.74655000,112.71490000,1.40,810.051,-17.951,0.986,261,51,70,,
T,2023-05-08 09:53:38,37.74654000,112.71488000,1.50,810.151,-17.951,1.152,262,50,70,,
T,2023-05-08 09:53:39,37.74654000,112.71486000,1.50,810.251,-17.951,1.302,245,50,70,,
T,2023-05-08 09:53:40,37.74654000,112.71485000,1.50,810.352,-17.952,1.328,272,50,70,,
T,2023-05-08 09:53:41,37.74654000,112.71484000,1.50,810.352,-17.952,1.183,299,50,70,,
T,2023-05-08 09:53:42,37.74654000,112.71484000,1.40,810.352,-17.952,1.098,295,50,70,,
T,2023-05-08 09:53:43,37.74654000,112.71483000,1.30,810.452,-17.952,1.026,336,50,70,,
T,2023-05-08 09:53:44,37.74654000,112.71482000,1.30,810.452,-17.952,1.021,285,50,70,,
T,2023-05-08 09:53:45,37.74654000,112.71481000,1.30,810.352,-17.952,1.039,261,50,70,,
T,2023-05-08 09:53:46,37.74654000,112.71480000,1.40,810.252,-17.952,0.995,274,50,70,,
T,2023-05-08 09:53:47,37.74654000,112.71479000,1.40,809.952,-17.952,0.915,283,51,70,,
T,2023-05-08 09:53:48,37.74655000,112.71478000,1.40,810.252,-17.952,0.777,288,51,70,,
T,2023-05-08 09:53:49,37.74655000,112.71477000,1.40,810.352,-17.952,0.660,305,51,70,,
T,2023-05-08 09:53:50,37.74656000,112.71476000,1.40,810.452,-17.952,0.649,261,51,70,,
T,2023-05-08 09:53:51,37.74656000,112.71476000,1.40,810.252,-17.952,0.623,89,51,70,,
T,2023-05-08 09:53:52,37.74656000,112.71476000,1.40,810.152,-17.952,0.654,81,51,70,,
T,2023-05-08 09:53:53,37.74656000,112.71476000,1.40,810.052,-17.952,0.694,89,51,70,,
T,2023-05-08 09:53:54,37.74657000,112.71476000,1.40,809.852,-17.952,0.660,30,51,70,,
T,2023-05-08 09:53:55,37.74658000,112.71475000,1.30,809.852,-17.952,0.593,350,51,70,,
T,2023-05-08 09:53:56,37.74659000,112.71475000,1.40,809.952,-17.952,0.701,3,51,70,,
T,2023-05-08 09:53:57,37.74660000,112.71475000,1.50,809.852,-17.952,0.757,22,51,70,,
T,2023-05-08 09:53:58,37.74661000,112.71475000,1.40,809.852,-17.952,0.769,345,51,70,,
T,2023-05-08 09:53:59,37.74662000,112.71474000,1.40,809.352,-17.952,0.769,335,51,70,,
T,2023-05-08 09:54:00,37.74662000,112.71474000,1.40,809.252,-17.952,0.782,349,51,70,,
T,2023-05-08 09:54:01,37.74664000,112.71474000,1.40,809.252,-17.952,0.971,10,51,70,,
T,2023-05-08 09:54:02,37.74665000,112.71475000,1.50,809.352,-17.952,1.131,10,51,70,,
T,2023-05-08 09:54:03,37.74666000,112.71475000,1.50,809.052,-17.952,1.212,13,51,70,,
T,2023-05-08 09:54:04,37.74667000,112.71475000,1.50,809.052,-17.952,1.295,342,51,70,,
T,2023-05-08 09:54:05,37.74668000,112.71474000,1.40,808.952,-17.952,1.442,320,51,70,,
T,2023-05-08 09:54:06,37.74669000,112.71473000,1.50,808.752,-17.952,1.541,338,51,70,,
T,2023-05-08 09:54:07,37.74671000,112.71473000,1.50,808.752,-17.952,1.676,357,50,70,,
T,2023-05-08 09:54:08,37.74673000,112.71473000,1.50,808.752,-17.952,1.845,2,50,70,,
T,2023-05-08 09:54:09,37.74674000,112.71473000,1.50,808.652,-17.952,1.838,352,50,70,,
T,2023-05-08 09:54:10,37.74674000,112.71473000,1.40,808.652,-17.952,1.770,292,49,70,,
T,2023-05-08 09:54:11,37.74675000,112.71473000,1.40,808.952,-17.952,1.646,294,50,70,,
T,2023-05-08 09:54:12,37.74675000,112.71472000,1.40,809.052,-17.952,1.602,295,50,70,,
T,2023-05-08 09:54:13,37.74676000,112.71472000,1.50,809.052,-17.952,1.511,322,51,70,,
T,2023-05-08 09:54:14,37.74676000,112.71473000,1.40,809.052,-17.952,1.411,104,51,70,,
T,2023-05-08 09:54:15,37.74677000,112.71473000,1.30,809.252,-17.952,1.291,353,50,70,,
T,2023-05-08 09:54:16,37.74678000,112.71472000,1.40,809.152,-17.952,1.123,311,50,70,,
T,2023-05-08 09:54:17,37.74680000,112.71472000,1.40,809.052,-17.952,1.039,347,49,70,,
T,2023-05-08 09:54:18,37.74682000,112.71472000,1.40,809.052,-17.952,1.053,358,50,70,,
T,2023-05-08 09:54:19,37.74683000,112.71472000,1.50,809.252,-17.952,1.235,352,51,70,,
T,2023-05-08 09:54:20,37.74685000,112.71472000,1.50,809.552,-17.952,1.348,351,51,70,,
T,2023-05-08 09:54:21,37.74685000,112.71472000,1.50,810.152,-17.952,1.305,359,51,70,,
T,2023-05-08 09:54:22,37.74686000,112.71473000,1.40,810.552,-17.952,1.168,359,51,70,,
T,2023-05-08 09:54:23,37.74687000,112.71473000,1.30,810.652,-17.952,1.225,355,51,70,,
T,2023-05-08 09:54:24,37.74688000,112.71472000,1.40,810.752,-17.952,1.430,359,51,70,,
T,2023-05-08 09:54:25,37.74690000,112.71472000,1.40,810.852,-17.952,1.475,3,51,70,,
T,2023-05-08 09:54:26,37.74690000,112.71472000,1.40,810.852,-17.952,1.439,9,51,70,,
T,2023-05-08 09:54:27,37.74691000,112.71472000,1.40,810.952,-17.952,1.341,18,51,70,,
T,2023-05-08 09:54:28,37.74691000,112.71472000,1.40,810.952,-17.952,1.116,340,51,70,,
T,2023-05-08 09:54:29,37.74691000,112.71472000,1.30,810.852,-17.952,0.927,336,51,70,,
T,2023-05-08 09:54:30,37.74692000,112.71472000,1.30,810.752,-17.952,0.826,335,51,70,,
T,2023-05-08 09:54:31,37.74692000,112.71472000,1.30,810.652,-17.952,0.792,238,51,70,,
T,2023-05-08 09:54:32,37.74692000,112.71472000,1.30,810.752,-17.952,0.769,267,51,70,,
T,2023-05-08 09:54:33,37.74692000,112.71472000,1.30,810.752,-17.952,0.712,341,51,70,,
T,2023-05-08 09:54:34,37.74693000,112.71472000,1.30,810.852,-17.952,0.571,355,51,70,,
T,2023-05-08 09:54:35,37.74694000,112.71471000,1.30,810.752,-17.952,0.574,335,51,70,,
T,2023-05-08 09:54:36,37.74694000,112.71471000,1.40,810.652,-17.952,0.515,190,51,70,,
T,2023-05-08 09:54:37,37.74695000,112.71471000,1.30,810.652,-17.952,0.460,296,51,70,,
T,2023-05-08 09:54:38,37.74696000,112.71471000,1.30,810.752,-17.952,0.479,343,51,70,,
T,2023-05-08 09:54:39,37.74697000,112.71471000,1.30,810.752,-17.952,0.621,349,51,70,,
T,2023-05-08 09:54:40,37.74698000,112.71471000,1.50,810.852,-17.952,0.631,344,51,70,,
T,2023-05-08 09:54:41,37.74699000,112.71471000,1.40,810.952,-17.952,0.656,304,51,70,,
T,2023-05-08 09:54:42,37.74700000,112.71470000,1.40,811.052,-17.952,0.704,332,51,70,,
T,2023-05-08 09:54:43,37.74702000,112.71471000,1.40,811.252,-17.952,0.903,9,51,70,,
T,2023-05-08 09:54:44,37.74704000,112.71472000,1.50,811.352,-17.952,1.072,27,51,70,,
T,2023-05-08 09:54:45,37.74705000,112.71473000,1.50,811.152,-17.952,1.087,3,49,70,,
T,2023-05-08 09:54:46,37.74706000,112.71473000,1.50,811.352,-17.952,1.134,353,51,70,,
T,2023-05-08 09:54:47,37.74706000,112.71474000,1.40,811.252,-17.952,1.155,52,50,70,,
T,2023-05-08 09:54:48,37.74706000,112.71476000,1.40,811.252,-17.952,1.274,85,51,70,,
T,2023-05-08 09:54:49,37.74706000,112.71478000,1.40,811.152,-17.952,1.222,72,51,70,,
T,2023-05-08 09:54:50,37.74706000,112.71479000,1.40,811.052,-17.952,1.187,59,51,70,,
T,2023-05-08 09:54:51,37.74706000,112.71480000,1.40,810.952,-17.952,1.179,7,51,70,,
T,2023-05-08 09:54:52,37.74707000,112.71481000,1.30,810.652,-17.952,1.183,56,51,70,,
T,2023-05-08 09:54:53,37.74707000,112.71482000,1.40,810.351,-17.951,1.116,90,50,70,,
T,2023-05-08 09:54:54,37.74707000,112.71484000,1.50,809.751,-17.951,1.024,107,50,70,,
T,2023-05-08 09:54:55,37.74707000,112.71486000,1.50,809.551,-17.951,0.950,86,50,70,,
T,2023-05-08 09:54:56,37.74707000,112.71486000,1.40,809.351,-17.951,0.931,37,50,70,,
T,2023-05-08 09:54:57,37.74707000,112.71487000,1.40,809.251,-17.951,0.941,79,50,70,,
T,2023-05-08 09:54:58,37.74707000,112.71489000,1.40,809.051,-17.951,0.854,86,50,70,,
T,2023-05-08 09:54:59,37.74707000,112.71491000,1.40,808.751,-17.951,0.949,91,50,69,,
T,2023-05-08 09:55:00,37.74707000,112.71493000,1.50,808.551,-17.951,1.086,92,50,70,,
T,2023-05-08 09:55:01,37.74707000,112.71494000,1.50,808.951,-17.951,1.103,87,49,70,,
T,2023-05-08 09:55:02,37.74707000,112.71495000,1.40,809.051,-17.951,1.061,7,49,70,,
T,2023-05-08 09:55:03,37.74707000,112.71496000,1.30,809.251,-17.951,0.938,87,50,70,,
T,2023-05-08 09:55:04,37.74707000,112.71498000,1.30,809.351,-17.951,0.886,87,50,70,,
T,2023-05-08 09:55:05,37.74707000,112.71500000,1.40,809.351,-17.951,0.993,98,50,70,,
T,2023-05-08 09:55:06,37.74707000,112.71502000,1.50,809.251,-17.951,1.122,103,50,70,,
T,2023-05-08 09:55:07,37.74706000,112.71503000,1.50,809.251,-17.951,1.182,98,49,70,,
T,2023-05-08 09:55:08,37.74706000,112.71505000,1.40,809.251,-17.951,1.264,59,49,70,,
T,2023-05-08 09:55:09,37.74706000,112.71506000,1.50,809.151,-17.951,1.139,29,49,70,,
T,2023-05-08 09:55:10,37.74706000,112.71506000,1.40,809.151,-17.951,0.987,154,50,70,,
T,2023-05-08 09:55:11,37.74705000,112.71506000,1.40,809.051,-17.951,1.035,167,51,70,,
T,2023-05-08 09:55:12,37.74705000,112.71507000,1.40,808.950,-17.950,1.093,73,51,70,,
T,2023-05-08 09:55:13,37.74705000,112.71508000,1.40,808.850,-17.950,1.132,80,51,70,,
T,2023-05-08 09:55:14,37.74704000,112.71508000,1.40,809.050,-17.950,1.100,179,51,70,,
T,2023-05-08 09:55:15,37.74703000,112.71508000,1.40,808.950,-17.950,1.100,195,51,70,,
T,2023-05-08 09:55:16,37.74702000,112.71508000,1.50,808.750,-17.950,1.033,158,51,70,,
T,2023-05-08 09:55:17,37.74701000,112.71508000,1.50,808.750,-17.950,0.928,154,51,70,,
T,2023-05-08 09:55:18,37.74700000,112.71509000,1.40,808.850,-17.950,0.830,165,51,70,,
T,2023-05-08 09:55:19,37.74698000,112.71509000,1.40,808.850,-17.950,0.904,185,51,70,,
T,2023-05-08 09:55:20,37.74697000,112.71509000,1.40,808.650,-17.950,0.988,202,51,70,,
T,2023-05-08 09:55:21,37.74696000,112.71508000,1.40,808.850,-17.950,1.053,254,51,70,,
T,2023-05-08 09:55:22,37.74696000,112.71508000,1.50,809.250,-17.950,1.002,210,50,70,,
T,2023-05-08 09:55:23,37.74695000,112.71508000,1.40,809.450,-17.950,0.977,201,50,70,,
T,2023-05-08 09:55:24,37.74694000,112.71508000,1.40,809.450,-17.950,1.028,184,50,70,,
T,2023-05-08 09:55:25,37.74693000,112.71508000,1.40,809.450,-17.950,0.886,224,51,70,,
T,2023-05-08 09:55:26,37.74694000,112.71508000,1.40,809.350,-17.950,0.828,329,49,70,,
T,2023-05-08 09:55:27,37.74694000,112.71508000,1.30,809.450,-17.950,0.877,345,50,70,,
T,2023-05-08 09:55:28,37.74694000,112.71508000,1.30,809.350,-17.950,0.826,344,50,70,,
T,2023-05-08 09:55:29,37.74694000,112.71508000,1.30,809.350,-17.950,0.659,182,49,70,,
T,2023-05-08 09:55:30,37.74694000,112.71508000,1.30,809.250,-17.950,0.582,304,51,70,,
T,2023-05-08 09:55:31,37.74694000,112.71508000,1.30,809.350,-17.950,0.466,291,49,70,,
T,2023-05-08 09:55:32,37.74694000,112.71508000,1.30,809.350,-17.950,0.446,346,49,70,,
T,2023-05-08 09:55:33,37.74694000,112.71508000,1.30,809.450,-17.950,0.000,,49,70,,
T,2023-05-08 09:55:34,37.74695000,112.71508000,1.20,809.650,-17.950,0.000,,49,70,,
T,2023-05-08 09:55:35,37.74695000,112.71508000,1.20,809.650,-17.950,0.000,,49,70,,
T,2023-05-08 09:55:36,37.74695000,112.71508000,1.20,809.650,-17.950,0.000,,50,70,,
T,2023-05-08 09:55:37,37.74695000,112.71508000,1.20,809.650,-17.950,0.000,,50,70,,
T,2023-05-08 09:55:38,37.74695000,112.71508000,1.20,809.650,-17.950,0.000,,50,70,,
T,2023-05-08 09:55:39,37.74695000,112.71508000,1.20,809.650,-17.950,0.000,,50,70,,
