type,date time,latitude,longitude,accuracy(m),altitude(m),geoid_height(m),speed(m/s),bearing(deg),sat_used,sat_inview,name,desc
T,2023-05-08 10:10:22,37.74652000,112.71483000,1.20,809.352,-17.952,0.000,,51,69,20230508-181022,GPS Logger: 20230508-181022
T,2023-05-08 10:10:23,37.74652000,112.71483000,1.20,809.352,-17.952,0.000,,51,69,,
T,2023-05-08 10:10:24,37.74652000,112.71483000,1.30,809.352,-17.952,0.000,,52,69,,
T,2023-05-08 10:10:25,37.74652000,112.71483000,1.20,809.352,-17.952,0.000,,52,69,,
T,2023-05-08 10:10:26,37.74652000,112.71483000,1.20,809.352,-17.952,0.000,,52,69,,
T,2023-05-08 10:10:27,37.74652000,112.71483000,1.20,809.352,-17.952,0.000,,52,69,,
T,2023-05-08 10:10:28,37.74652000,112.71483000,1.20,809.352,-17.952,0.000,,49,69,,
T,2023-05-08 10:10:29,37.74652000,112.71483000,1.30,809.352,-17.952,0.000,,48,69,,
T,2023-05-08 10:10:30,37.74652000,112.71483000,1.30,809.352,-17.952,0.000,,49,68,,
T,2023-05-08 10:10:31,37.74652000,112.71483000,1.30,809.352,-17.952,0.000,,48,68,,
T,2023-05-08 10:10:32,37.74652000,112.71483000,1.30,809.352,-17.952,0.000,,49,68,,
T,2023-05-08 10:10:33,37.74652000,112.71483000,1.30,809.352,-17.952,0.000,,48,69,,
T,2023-05-08 10:10:34,37.74652000,112.71483000,1.30,809.352,-17.952,0.000,,51,69,,
T,2023-05-08 10:10:35,37.74652000,112.71483000,1.30,809.352,-17.952,0.000,,51,68,,
T,2023-05-08 10:10:36,37.74652000,112.71483000,1.30,809.352,-17.952,0.000,,49,68,,
T,2023-05-08 10:10:37,37.74652000,112.71483000,1.30,809.352,-17.952,0.000,,51,69,,
T,2023-05-08 10:10:38,37.74651000,112.71481000,1.30,812.352,-17.952,0.271,217,52,69,,
T,2023-05-08 10:10:39,37.74650000,112.71481000,1.30,812.552,-17.952,0.313,220,52,69,,
T,2023-05-08 10:10:40,37.74650000,112.71481000,1.30,812.652,-17.952,0.340,158,51,69,,
T,2023-05-08 10:10:41,37.74650000,112.71481000,1.30,812.752,-17.952,0.000,,53,69,,
T,2023-05-08 10:10:42,37.74650000,112.71481000,1.30,812.952,-17.952,0.000,,52,69,,
T,2023-05-08 10:10:43,37.74650000,112.71481000,1.30,812.852,-17.952,0.000,,51,69,,
T,2023-05-08 10:10:44,37.74650000,112.71481000,1.20,812.852,-17.952,0.000,,52,69,,
T,2023-05-08 10:10:45,37.74650000,112.71481000,1.20,812.852,-17.952,0.000,,52,69,,
T,2023-05-08 10:10:46,37.74650000,112.71481000,1.20,812.852,-17.952,0.000,,53,69,,
T,2023-05-08 10:10:47,37.74648000,112.71481000,1.30,812.652,-17.952,0.413,208,53,69,,
T,2023-05-08 10:10:48,37.74647000,112.71481000,1.40,812.452,-17.952,0.471,194,53,69,,
T,2023-05-08 10:10:49,37.74646000,112.71481000,1.40,812.352,-17.952,0.538,190,53,69,,
T,2023-05-08 10:10:50,37.74644000,112.71481000,1.40,812.052,-17.952,0.628,180,53,69,,
T,2023-05-08 10:10:51,37.74643000,112.71481000,1.40,811.852,-17.952,0.744,169,53,69,,
T,2023-05-08 10:10:52,37.74642000,112.71481000,1.40,811.752,-17.952,0.854,178,53,69,,
T,2023-05-08 10:10:53,37.74641000,112.71481000,1.40,811.852,-17.952,0.985,173,52,69,,
T,2023-05-08 10:10:54,37.74640000,112.71481000,1.40,811.652,-17.952,1.141,181,52,69,,
T,2023-05-08 10:10:55,37.74639000,112.71480000,1.50,811.752,-17.952,1.266,180,52,69,,
T,2023-05-08 10:10:56,37.74638000,112.71480000,1.50,811.652,-17.952,1.321,190,52,69,,
T,2023-05-08 10:10:57,37.74637000,112.71480000,1.40,811.952,-17.952,1.287,218,53,69,,
T,2023-05-08 10:10:58,37.74636000,112.71480000,1.40,812.252,-17.952,1.231,202,53,69,,
T,2023-05-08 10:10:59,37.74635000,112.71480000,1.40,812.452,-17.952,1.158,210,53,69,,
T,2023-05-08 10:11:00,37.74634000,112.71480000,1.30,812.652,-17.952,1.079,197,52,69,,
T,2023-05-08 10:11:01,37.74633000,112.71481000,1.30,812.852,-17.952,1.011,178,51,69,,
T,2023-05-08 10:11:02,37.74632000,112.71481000,1.40,813.052,-17.952,1.016,169,51,69,,
T,2023-05-08 10:11:03,37.74630000,112.71481000,1.40,813.052,-17.952,1.013,160,51,69,,
T,2023-05-08 10:11:04,37.74628000,112.71482000,1.40,813.152,-17.952,1.001,150,52,69,,
T,2023-05-08 10:11:05,37.74627000,112.71482000,1.50,813.252,-17.952,1.025,151,50,69,,
T,2023-05-08 10:11:06,37.74625000,112.71483000,1.50,812.952,-17.952,1.062,156,50,69,,
T,2023-05-08 10:11:07,37.74624000,112.71483000,1.50,812.652,-17.952,1.064,202,50,68,,
T,2023-05-08 10:11:08,37.74624000,112.71483000,1.40,812.452,-17.952,1.090,193,50,68,,
T,2023-05-08 10:11:09,37.74623000,112.71482000,1.40,812.452,-17.952,1.118,198,52,69,,
T,2023-05-08 10:11:10,37.74622000,112.71482000,1.40,812.552,-17.952,1.134,209,52,69,,
T,2023-05-08 10:11:11,37.74622000,112.71482000,1.40,812.652,-17.952,1.091,180,52,69,,
T,2023-05-08 10:11:12,37.74621000,112.71482000,1.40,812.852,-17.952,0.991,241,53,69,,
T,2023-05-08 10:11:13,37.74621000,112.71482000,1.30,812.952,-17.952,0.899,275,53,69,,
T,2023-05-08 10:11:14,37.74621000,112.71482000,1.30,812.652,-17.952,0.808,281,52,69,,
T,2023-05-08 10:11:15,37.74621000,112.71481000,1.40,812.352,-17.952,0.749,284,53,68,,
T,2023-05-08 10:11:16,37.74621000,112.71479000,1.40,812.152,-17.952,0.790,242,53,68,,
T,2023-05-08 10:11:17,37.74620000,112.71478000,1.50,812.152,-17.952,0.900,239,52,68,,
T,2023-05-08 10:11:18,37.74620000,112.71478000,1.50,812.352,-17.952,0.886,257,52,68,,
T,2023-05-08 10:11:19,37.74620000,112.71478000,1.40,812.052,-17.952,0.849,319,52,68,,
T,2023-05-08 10:11:20,37.74620000,112.71477000,1.40,812.052,-17.952,0.814,235,51,68,,
T,2023-05-08 10:11:21,37.74620000,112.71476000,1.40,811.952,-17.952,0.850,228,51,68,,
T,2023-05-08 10:11:22,37.74619000,112.71476000,1.40,811.752,-17.952,0.853,178,51,68,,
T,2023-05-08 10:11:23,37.74619000,112.71476000,1.40,811.552,-17.952,0.834,258,51,68,,
T,2023-05-08 10:11:24,37.74619000,112.71476000,1.30,811.452,-17.952,0.810,259,52,68,,
T,2023-05-08 10:11:25,37.74619000,112.71475000,1.30,811.152,-17.952,0.757,295,51,68,,
T,2023-05-08 10:11:26,37.74619000,112.71475000,1.40,810.952,-17.952,0.646,232,51,68,,
T,2023-05-08 10:11:27,37.74618000,112.71474000,1.40,810.652,-17.952,0.606,209,50,68,,
T,2023-05-08 10:11:28,37.74618000,112.71473000,1.40,810.552,-17.952,0.571,244,51,68,,
T,2023-05-08 10:11:29,37.74618000,112.71473000,1.40,810.452,-17.952,0.569,304,53,68,,
T,2023-05-08 10:11:30,37.74618000,112.71473000,1.30,810.252,-17.952,0.554,296,53,68,,
T,2023-05-08 10:11:31,37.74619000,112.71473000,1.30,810.252,-17.952,0.499,286,53,68,,
T,2023-05-08 10:11:32,37.74619000,112.71473000,1.20,810.352,-17.952,0.474,269,53,68,,
T,2023-05-08 10:11:33,37.74619000,112.71473000,1.20,810.252,-17.952,0.463,291,52,68,,
T,2023-05-08 10:11:34,37.74619000,112.71473000,1.20,810.252,-17.952,0.426,281,52,68,,
T,2023-05-08 10:11:35,37.74619000,112.71473000,1.20,810.352,-17.952,0.000,,53,68,,
T,2023-05-08 10:11:36,37.74619000,112.71473000,1.20,810.252,-17.952,0.000,,53,68,,
T,2023-05-08 10:11:37,37.74619000,112.71473000,1.20,810.352,-17.952,0.000,,53,68,,
T,2023-05-08 10:11:38,37.74619000,112.71473000,1.10,810.352,-17.952,0.000,,53,68,,
T,2023-05-08 10:11:39,37.74619000,112.71473000,1.10,810.352,-17.952,0.000,,53,68,,
T,2023-05-08 10:11:40,37.74619000,112.71473000,1.10,810.352,-17.952,0.000,,51,69,,
T,2023-05-08 10:11:41,37.74619000,112.71473000,1.10,810.352,-17.952,0.000,,51,69,,
T,2023-05-08 10:11:42,37.74619000,112.71473000,1.10,810.352,-17.952,0.000,,51,69,,
T,2023-05-08 10:11:43,37.74619000,112.71473000,1.10,810.352,-17.952,0.000,,51,69,,
T,2023-05-08 10:11:44,37.74619000,112.71473000,1.10,810.352,-17.952,0.000,,51,69,,
T,2023-05-08 10:11:45,37.74619000,112.71473000,1.10,810.352,-17.952,0.000,,51,69,,
T,2023-05-08 10:11:46,37.74619000,112.71473000,1.20,810.352,-17.952,0.000,,52,69,,
T,2023-05-08 10:11:47,37.74619000,112.71473000,1.20,810.352,-17.952,0.000,,52,69,,
T,2023-05-08 10:11:48,37.74619000,112.71473000,1.20,810.352,-17.952,0.000,,51,69,,
T,2023-05-08 10:11:49,37.74619000,112.71473000,1.20,810.352,-17.952,0.000,,51,69,,
T,2023-05-08 10:11:50,37.74619000,112.71473000,1.20,810.352,-17.952,0.000,,51,69,,
T,2023-05-08 10:11:51,37.74619000,112.71473000,1.20,810.352,-17.952,0.000,,51,69,,
T,2023-05-08 10:11:52,37.74619000,112.71473000,1.20,810.352,-17.952,0.000,,52,69,,
T,2023-05-08 10:11:53,37.74619000,112.71473000,1.30,810.352,-17.952,0.000,,51,69,,
T,2023-05-08 10:11:54,37.74619000,112.71473000,1.30,810.352,-17.952,0.000,,52,69,,
T,2023-05-08 10:11:55,37.74619000,112.71473000,1.30,810.352,-17.952,0.000,,52,69,,
T,2023-05-08 10:11:56,37.74619000,112.71473000,1.30,810.352,-17.952,0.000,,53,69,,
T,2023-05-08 10:11:57,37.74619000,112.71473000,1.20,810.352,-17.952,0.000,,53,69,,
T,2023-05-08 10:11:58,37.74619000,112.71473000,1.20,810.352,-17.952,0.000,,53,69,,
T,2023-05-08 10:11:59,37.74619000,112.71473000,1.20,810.352,-17.952,0.000,,53,69,,
T,2023-05-08 10:12:00,37.74619000,112.71473000,1.20,810.352,-17.952,0.000,,51,69,,
T,2023-05-08 10:12:01,37.74619000,112.71473000,1.20,810.352,-17.952,0.000,,50,69,,
T,2023-05-08 10:12:02,37.74619000,112.71473000,1.10,810.352,-17.952,0.000,,49,69,,
T,2023-05-08 10:12:03,37.74619000,112.71473000,1.10,810.352,-17.952,0.000,,51,69,,
T,2023-05-08 10:12:04,37.74619000,112.71476000,1.10,810.452,-17.952,0.218,93,51,69,,
T,2023-05-08 10:12:05,37.74619000,112.71476000,1.20,810.352,-17.952,0.268,269,52,69,,
T,2023-05-08 10:12:06,37.74619000,112.71476000,1.20,810.252,-17.952,0.310,242,52,69,,
T,2023-05-08 10:12:07,37.74619000,112.71475000,1.10,810.252,-17.952,0.000,,51,69,,
T,2023-05-08 10:12:08,37.74619000,112.71475000,1.10,810.152,-17.952,0.000,,51,69,,
T,2023-05-08 10:12:09,37.74619000,112.71475000,1.10,810.152,-17.952,0.000,,51,69,,
T,2023-05-08 10:12:10,37.74619000,112.71475000,1.10,810.152,-17.952,0.000,,52,69,,
T,2023-05-08 10:12:11,37.74619000,112.71475000,1.10,810.152,-17.952,0.000,,52,69,,
T,2023-05-08 10:12:12,37.74619000,112.71475000,1.10,810.152,-17.952,0.000,,51,69,,
T,2023-05-08 10:12:13,37.74619000,112.71475000,1.10,810.152,-17.952,0.000,,51,69,,
T,2023-05-08 10:12:14,37.74619000,112.71475000,1.10,810.152,-17.952,0.000,,51,69,,
T,2023-05-08 10:12:15,37.74619000,112.71475000,1.10,810.152,-17.952,0.000,,52,69,,
T,2023-05-08 10:12:16,37.74619000,112.71475000,1.10,810.152,-17.952,0.000,,52,69,,
T,2023-05-08 10:12:17,37.74619000,112.71475000,1.10,810.152,-17.952,0.000,,52,69,,
T,2023-05-08 10:12:18,37.74619000,112.71475000,1.10,810.152,-17.952,0.000,,52,69,,
T,2023-05-08 10:12:19,37.74619000,112.71475000,1.10,810.152,-17.952,0.000,,51,69,,
T,2023-05-08 10:12:20,37.74619000,112.71475000,1.10,810.152,-17.952,0.000,,51,69,,
T,2023-05-08 10:12:21,37.74619000,112.71475000,1.10,810.152,-17.952,0.000,,50,69,,
T,2023-05-08 10:12:22,37.74619000,112.71475000,1.10,810.152,-17.952,0.000,,51,69,,
T,2023-05-08 10:12:23,37.74619000,112.71475000,1.10,810.152,-17.952,0.000,,51,69,,
T,2023-05-08 10:12:24,37.74619000,112.71475000,1.10,810.152,-17.952,0.000,,51,69,,
T,2023-05-08 10:12:25,37.74619000,112.71475000,1.10,810.152,-17.952,0.000,,52,69,,
T,2023-05-08 10:12:26,37.74619000,112.71475000,1.10,810.152,-17.952,0.000,,53,69,,
T,2023-05-08 10:12:27,37.74619000,112.71475000,1.10,810.152,-17.952,0.000,,53,69,,
T,2023-05-08 10:12:28,37.74619000,112.71475000,1.10,810.152,-17.952,0.000,,53,69,,
T,2023-05-08 10:12:29,37.74619000,112.71475000,1.10,810.152,-17.952,0.000,,53,69,,
T,2023-05-08 10:12:30,37.74619000,112.71475000,1.10,810.152,-17.952,0.000,,53,69,,
T,2023-05-08 10:12:31,37.74619000,112.71475000,1.10,810.152,-17.952,0.000,,53,69,,
T,2023-05-08 10:12:32,37.74619000,112.71475000,1.10,810.152,-17.952,0.000,,52,69,,
T,2023-05-08 10:12:33,37.74619000,112.71475000,1.20,810.152,-17.952,0.000,,52,69,,
T,2023-05-08 10:12:34,37.74619000,112.71475000,1.10,810.152,-17.952,0.000,,52,69,,
T,2023-05-08 10:12:35,37.74619000,112.71475000,1.10,810.152,-17.952,0.000,,53,69,,
T,2023-05-08 10:12:36,37.74619000,112.71475000,1.20,810.152,-17.952,0.000,,49,69,,
T,2023-05-08 10:12:37,37.74619000,112.71475000,1.20,810.152,-17.952,0.000,,49,69,,
T,2023-05-08 10:12:38,37.74619000,112.71475000,1.20,810.152,-17.952,0.000,,49,69,,
T,2023-05-08 10:12:39,37.74619000,112.71475000,1.10,810.152,-17.952,0.000,,50,69,,
T,2023-05-08 10:12:40,37.74619000,112.71475000,1.10,810.152,-17.952,0.000,,50,69,,
T,2023-05-08 10:12:41,37.74619000,112.71475000,1.10,810.152,-17.952,0.000,,51,69,,
T,2023-05-08 10:12:42,37.74619000,112.71475000,1.10,810.152,-17.952,0.000,,52,69,,
T,2023-05-08 10:12:43,37.74619000,112.71475000,1.10,810.152,-17.952,0.000,,52,69,,
T,2023-05-08 10:12:44,37.74619000,112.71475000,1.10,810.152,-17.952,0.000,,52,69,,
T,2023-05-08 10:12:45,37.74619000,112.71475000,1.10,810.152,-17.952,0.000,,52,69,,
T,2023-05-08 10:12:46,37.74619000,112.71475000,1.10,810.152,-17.952,0.000,,52,69,,
T,2023-05-08 10:12:47,37.74619000,112.71475000,1.10,810.152,-17.952,0.000,,52,69,,
T,2023-05-08 10:12:48,37.74619000,112.71475000,1.10,810.152,-17.952,0.000,,52,69,,
T,2023-05-08 10:12:49,37.74619000,112.71475000,1.10,810.152,-17.952,0.000,,52,69,,
T,2023-05-08 10:12:50,37.74619000,112.71475000,1.10,810.152,-17.952,0.000,,52,69,,
T,2023-05-08 10:12:51,37.74619000,112.71475000,1.10,810.152,-17.952,0.000,,52,69,,
T,2023-05-08 10:12:52,37.74619000,112.71475000,1.10,810.152,-17.952,0.000,,52,69,,
T,2023-05-08 10:12:53,37.74619000,112.71475000,1.10,810.152,-17.952,0.000,,52,69,,
T,2023-05-08 10:12:54,37.74619000,112.71475000,1.10,810.152,-17.952,0.000,,51,69,,
T,2023-05-08 10:12:55,37.74619000,112.71475000,1.10,810.152,-17.952,0.000,,50,69,,
T,2023-05-08 10:12:56,37.74619000,112.71475000,1.10,810.152,-17.952,0.000,,51,69,,
T,2023-05-08 10:12:57,37.74619000,112.71475000,1.10,810.152,-17.952,0.000,,50,69,,
T,2023-05-08 10:12:58,37.74619000,112.71475000,1.10,810.152,-17.952,0.000,,51,69,,
T,2023-05-08 10:12:59,37.74619000,112.71475000,1.10,810.152,-17.952,0.000,,51,69,,
T,2023-05-08 10:13:00,37.74619000,112.71475000,1.10,810.152,-17.952,0.000,,51,69,,
T,2023-05-08 10:13:01,37.74619000,112.71475000,1.10,810.152,-17.952,0.000,,51,69,,
T,2023-05-08 10:13:02,37.74619000,112.71475000,1.10,810.152,-17.952,0.000,,51,69,,
T,2023-05-08 10:13:03,37.74619000,112.71475000,1.10,810.152,-17.952,0.000,,49,69,,
T,2023-05-08 10:13:04,37.74619000,112.71475000,1.10,810.152,-17.952,0.000,,47,69,,
T,2023-05-08 10:13:05,37.74619000,112.71475000,1.10,810.152,-17.952,0.000,,47,69,,
T,2023-05-08 10:13:06,37.74619000,112.71475000,1.10,810.152,-17.952,0.000,,47,69,,
T,2023-05-08 10:13:07,37.74619000,112.71475000,1.10,810.152,-17.952,0.000,,47,69,,
T,2023-05-08 10:13:08,37.74619000,112.71475000,1.10,810.152,-17.952,0.000,,47,69,,
T,2023-05-08 10:13:09,37.74619000,112.71475000,1.10,810.152,-17.952,0.000,,48,69,,
T,2023-05-08 10:13:10,37.74619000,112.71475000,1.10,810.152,-17.952,0.000,,48,69,,
T,2023-05-08 10:13:11,37.74619000,112.71475000,1.10,810.152,-17.952,0.000,,49,69,,
T,2023-05-08 10:13:12,37.74619000,112.71475000,1.10,810.152,-17.952,0.000,,52,69,,
T,2023-05-08 10:13:13,37.74619000,112.71475000,1.10,810.152,-17.952,0.000,,52,69,,
T,2023-05-08 10:13:14,37.74619000,112.71475000,1.10,810.152,-17.952,0.000,,52,69,,
T,2023-05-08 10:13:15,37.74619000,112.71475000,1.10,810.152,-17.952,0.000,,54,69,,
T,2023-05-08 10:13:16,37.74619000,112.71475000,1.10,810.152,-17.952,0.000,,55,69,,
T,2023-05-08 10:13:17,37.74619000,112.71473000,1.30,809.952,-17.952,0.311,249,53,69,,
T,2023-05-08 10:13:18,37.74619000,112.71472000,1.20,810.152,-17.952,0.419,275,54,69,,
T,2023-05-08 10:13:19,37.74619000,112.71470000,1.40,810.452,-17.952,0.492,271,52,69,,
T,2023-05-08 10:13:20,37.74619000,112.71470000,1.30,810.552,-17.952,0.565,259,52,69,,
T,2023-05-08 10:13:21,37.74619000,112.71469000,1.20,810.752,-17.952,0.596,258,53,69,,
T,2023-05-08 10:13:22,37.74619000,112.71467000,1.20,810.852,-17.952,0.681,271,54,69,,
T,2023-05-08 10:13:23,37.74619000,112.71467000,1.20,810.952,-17.952,0.718,308,53,69,,
T,2023-05-08 10:13:24,37.74619000,112.71467000,1.20,810.852,-17.952,0.709,356,53,69,,
T,2023-05-08 10:13:25,37.74619000,112.71467000,1.20,810.752,-17.952,0.740,104,51,69,,
T,2023-05-08 10:13:26,37.74619000,112.71468000,1.20,810.652,-17.952,0.733,96,52,69,,
T,2023-05-08 10:13:27,37.74619000,112.71469000,1.20,810.452,-17.952,0.698,100,52,69,,
T,2023-05-08 10:13:28,37.74619000,112.71470000,1.20,810.352,-17.952,0.674,86,52,69,,
T,2023-05-08 10:13:29,37.74619000,112.71472000,1.20,810.252,-17.952,0.681,91,52,69,,
T,2023-05-08 10:13:30,37.74619000,112.71472000,1.20,810.252,-17.952,0.681,93,52,69,,
T,2023-05-08 10:13:31,37.74619000,112.71473000,1.20,810.252,-17.952,0.695,96,53,69,,
T,2023-05-08 10:13:32,37.74619000,112.71475000,1.20,810.252,-17.952,0.683,85,53,69,,
T,2023-05-08 10:13:33,37.74619000,112.71476000,1.20,810.152,-17.952,0.723,80,54,69,,
T,2023-05-08 10:13:34,37.74619000,112.71477000,1.20,810.152,-17.952,0.800,104,54,69,,
T,2023-05-08 10:13:35,37.74619000,112.71478000,1.20,810.152,-17.952,0.828,93,53,69,,
T,2023-05-08 10:13:36,37.74619000,112.71478000,1.20,810.252,-17.952,0.839,97,52,69,,
T,2023-05-08 10:13:37,37.74619000,112.71479000,1.20,810.352,-17.952,0.820,88,53,69,,
T,2023-05-08 10:13:38,37.74619000,112.71480000,1.30,810.452,-17.952,0.780,89,52,69,,
T,2023-05-08 10:13:39,37.74619000,112.71480000,1.30,810.552,-17.952,0.719,68,52,69,,
T,2023-05-08 10:13:40,37.74620000,112.71481000,1.30,810.752,-17.952,0.658,67,51,69,,
T,2023-05-08 10:13:41,37.74620000,112.71481000,1.30,810.752,-17.952,0.579,116,51,69,,
T,2023-05-08 10:13:42,37.74619000,112.71480000,1.20,810.652,-17.952,0.509,269,52,69,,
T,2023-05-08 10:13:43,37.74620000,112.71479000,1.20,810.652,-17.952,0.498,269,50,69,,
T,2023-05-08 10:13:44,37.74620000,112.71478000,1.20,810.552,-17.952,0.527,277,50,69,,
T,2023-05-08 10:13:45,37.74620000,112.71477000,1.40,810.452,-17.952,0.571,271,53,69,,
T,2023-05-08 10:13:46,37.74620000,112.71475000,1.40,810.452,-17.952,0.590,272,51,69,,
T,2023-05-08 10:13:47,37.74620000,112.71474000,1.30,810.352,-17.952,0.525,169,51,69,,
T,2023-05-08 10:13:48,37.74619000,112.71474000,1.30,810.252,-17.952,0.497,160,52,69,,
T,2023-05-08 10:13:49,37.74619000,112.71474000,1.30,810.252,-17.952,0.488,154,53,69,,
T,2023-05-08 10:13:50,37.74619000,112.71474000,1.20,810.252,-17.952,0.484,157,52,69,,
T,2023-05-08 10:13:51,37.74619000,112.71474000,1.20,810.352,-17.952,0.476,151,51,69,,
T,2023-05-08 10:13:52,37.74619000,112.71474000,1.20,810.252,-17.952,0.482,338,51,69,,
T,2023-05-08 10:13:53,37.74619000,112.71474000,1.20,810.152,-17.952,0.423,345,51,69,,
T,2023-05-08 10:13:54,37.74619000,112.71474000,1.20,809.952,-17.952,0.000,,50,69,,
T,2023-05-08 10:13:55,37.74619000,112.71473000,1.20,809.852,-17.952,0.000,,50,69,,
T,2023-05-08 10:13:56,37.74619000,112.71473000,1.20,809.852,-17.952,0.000,,50,69,,
T,2023-05-08 10:13:57,37.74619000,112.71473000,1.20,809.852,-17.952,0.000,,48,69,,
T,2023-05-08 10:13:58,37.74619000,112.71473000,1.10,809.852,-17.952,0.000,,51,69,,
T,2023-05-08 10:13:59,37.74619000,112.71473000,1.10,809.852,-17.952,0.000,,51,69,,
T,2023-05-08 10:14:00,37.74619000,112.71473000,1.10,809.852,-17.952,0.000,,51,69,,
T,2023-05-08 10:14:01,37.74619000,112.71473000,1.10,809.852,-17.952,0.000,,51,69,,
T,2023-05-08 10:14:02,37.74619000,112.71473000,1.10,809.852,-17.952,0.000,,52,69,,
T,2023-05-08 10:14:03,37.74620000,112.71476000,1.10,809.952,-17.952,0.302,96,52,69,,
T,2023-05-08 10:14:04,37.74620000,112.71476000,1.10,810.052,-17.952,0.000,,52,69,,
T,2023-05-08 10:14:05,37.74620000,112.71476000,1.10,810.152,-17.952,0.000,,51,69,,
T,2023-05-08 10:14:06,37.74620000,112.71476000,1.10,810.252,-17.952,0.000,,52,69,,
T,2023-05-08 10:14:07,37.74620000,112.71476000,1.10,810.252,-17.952,0.000,,52,69,,
T,2023-05-08 10:14:08,37.74620000,112.71476000,1.10,810.252,-17.952,0.000,,51,69,,
T,2023-05-08 10:14:09,37.74620000,112.71476000,1.10,810.252,-17.952,0.000,,49,69,,
T,2023-05-08 10:14:10,37.74620000,112.71476000,1.10,810.252,-17.952,0.000,,47,69,,
T,2023-05-08 10:14:11,37.74620000,112.71476000,1.10,810.252,-17.952,0.000,,47,69,,
T,2023-05-08 10:14:12,37.74620000,112.71476000,1.10,810.252,-17.952,0.000,,47,69,,
T,2023-05-08 10:14:13,37.74620000,112.71476000,1.10,810.252,-17.952,0.000,,49,69,,
T,2023-05-08 10:14:14,37.74620000,112.71476000,1.10,810.252,-17.952,0.000,,49,69,,
T,2023-05-08 10:14:15,37.74620000,112.71476000,1.10,810.252,-17.952,0.000,,50,69,,
T,2023-05-08 10:14:16,37.74620000,112.71476000,1.10,810.252,-17.952,0.000,,51,69,,
T,2023-05-08 10:14:17,37.74620000,112.71476000,1.10,810.252,-17.952,0.000,,51,69,,
T,2023-05-08 10:14:18,37.74620000,112.71476000,1.10,810.252,-17.952,0.000,,52,69,,
T,2023-05-08 10:14:19,37.74620000,112.71476000,1.10,810.252,-17.952,0.000,,51,69,,
T,2023-05-08 10:14:20,37.74620000,112.71476000,1.10,810.252,-17.952,0.000,,53,69,,
T,2023-05-08 10:14:21,37.74620000,112.71476000,1.10,810.252,-17.952,0.000,,54,69,,
T,2023-05-08 10:14:22,37.74620000,112.71476000,1.10,810.252,-17.952,0.000,,53,69,,
T,2023-05-08 10:14:23,37.74620000,112.71476000,1.10,810.252,-17.952,0.000,,54,69,,
T,2023-05-08 10:14:24,37.74620000,112.71476000,1.10,810.252,-17.952,0.000,,53,69,,
T,2023-05-08 10:14:25,37.74620000,112.71476000,1.10,810.252,-17.952,0.000,,51,69,,
T,2023-05-08 10:14:26,37.74620000,112.71476000,1.10,810.252,-17.952,0.000,,53,69,,
T,2023-05-08 10:14:27,37.74620000,112.71476000,1.10,810.252,-17.952,0.000,,52,69,,
T,2023-05-08 10:14:28,37.74620000,112.71476000,1.10,810.252,-17.952,0.000,,50,69,,
T,2023-05-08 10:14:29,37.74620000,112.71476000,1.10,810.252,-17.952,0.000,,50,69,,
T,2023-05-08 10:14:30,37.74620000,112.71476000,1.10,810.252,-17.952,0.000,,52,69,,
T,2023-05-08 10:14:31,37.74620000,112.71476000,1.10,810.252,-17.952,0.000,,54,69,,
T,2023-05-08 10:14:32,37.74620000,112.71476000,1.10,810.252,-17.952,0.000,,54,69,,
T,2023-05-08 10:14:33,37.74620000,112.71476000,1.10,810.252,-17.952,0.000,,54,69,,
T,2023-05-08 10:14:34,37.74620000,112.71476000,1.10,810.252,-17.952,0.000,,54,69,,
T,2023-05-08 10:14:35,37.74620000,112.71476000,1.10,810.252,-17.952,0.000,,54,69,,
T,2023-05-08 10:14:36,37.74620000,112.71476000,1.10,810.252,-17.952,0.000,,54,69,,
T,2023-05-08 10:14:37,37.74620000,112.71476000,1.10,810.252,-17.952,0.000,,53,69,,
T,2023-05-08 10:14:38,37.74620000,112.71476000,1.10,810.252,-17.952,0.000,,53,69,,
T,2023-05-08 10:14:39,37.74620000,112.71476000,1.10,810.252,-17.952,0.000,,53,69,,
T,2023-05-08 10:14:40,37.74620000,112.71476000,1.10,810.252,-17.952,0.000,,54,69,,
T,2023-05-08 10:14:41,37.74620000,112.71476000,1.10,810.252,-17.952,0.000,,54,69,,
T,2023-05-08 10:14:42,37.74620000,112.71476000,1.10,810.252,-17.952,0.000,,53,69,,
T,2023-05-08 10:14:43,37.74620000,112.71476000,1.10,810.252,-17.952,0.000,,52,69,,
T,2023-05-08 10:14:44,37.74620000,112.71476000,1.10,810.252,-17.952,0.000,,52,69,,
T,2023-05-08 10:14:45,37.74620000,112.71476000,1.10,810.252,-17.952,0.000,,52,69,,
T,2023-05-08 10:14:46,37.74620000,112.71476000,1.10,810.252,-17.952,0.000,,51,69,,
T,2023-05-08 10:14:47,37.74620000,112.71476000,1.10,810.252,-17.952,0.000,,51,69,,
T,2023-05-08 10:14:48,37.74620000,112.71476000,1.10,810.252,-17.952,0.000,,52,69,,
T,2023-05-08 10:14:49,37.74620000,112.71476000,1.10,810.252,-17.952,0.000,,51,69,,
T,2023-05-08 10:14:50,37.74620000,112.71476000,1.10,810.252,-17.952,0.000,,51,69,,
T,2023-05-08 10:14:51,37.74620000,112.71476000,1.10,810.252,-17.952,0.000,,53,69,,
T,2023-05-08 10:14:52,37.74620000,112.71476000,1.10,810.252,-17.952,0.000,,53,69,,
T,2023-05-08 10:14:53,37.74620000,112.71476000,1.10,810.252,-17.952,0.000,,52,69,,
T,2023-05-08 10:14:54,37.74620000,112.71476000,1.10,810.252,-17.952,0.000,,53,69,,
T,2023-05-08 10:14:55,37.74620000,112.71476000,1.10,810.252,-17.952,0.000,,53,69,,
T,2023-05-08 10:14:56,37.74620000,112.71476000,1.10,810.252,-17.952,0.000,,53,69,,
T,2023-05-08 10:14:57,37.74620000,112.71476000,1.10,810.252,-17.952,0.000,,53,69,,
T,2023-05-08 10:14:58,37.74620000,112.71476000,1.10,810.252,-17.952,0.000,,53,69,,
T,2023-05-08 10:14:59,37.74620000,112.71476000,1.10,810.252,-17.952,0.000,,52,69,,
T,2023-05-08 10:15:00,37.74619000,112.71479000,1.10,810.652,-17.952,0.275,104,53,69,,
T,2023-05-08 10:15:01,37.74619000,112.71479000,1.10,810.652,-17.952,0.000,,53,69,,
T,2023-05-08 10:15:02,37.74619000,112.71479000,1.10,810.752,-17.952,0.000,,52,69,,
T,2023-05-08 10:15:03,37.74619000,112.71479000,1.10,810.752,-17.952,0.000,,51,69,,
T,2023-05-08 10:15:04,37.74619000,112.71479000,1.10,810.752,-17.952,0.000,,50,69,,
T,2023-05-08 10:15:05,37.74619000,112.71479000,1.20,810.752,-17.952,0.000,,47,69,,
T,2023-05-08 10:15:06,37.74619000,112.71479000,1.20,810.752,-17.952,0.000,,49,69,,
T,2023-05-08 10:15:07,37.74619000,112.71479000,1.20,810.752,-17.952,0.000,,50,69,,
T,2023-05-08 10:15:08,37.74619000,112.71479000,1.10,810.752,-17.952,0.000,,51,69,,
T,2023-05-08 10:15:09,37.74619000,112.71479000,1.10,810.752,-17.952,0.000,,51,69,,
T,2023-05-08 10:15:10,37.74619000,112.71479000,1.10,810.752,-17.952,0.000,,52,69,,
T,2023-05-08 10:15:11,37.74619000,112.71479000,1.10,810.752,-17.952,0.000,,51,69,,
T,2023-05-08 10:15:12,37.74619000,112.71479000,1.10,810.752,-17.952,0.000,,52,69,,
T,2023-05-08 10:15:13,37.74619000,112.71479000,1.10,810.752,-17.952,0.000,,51,69,,
T,2023-05-08 10:15:14,37.74619000,112.71479000,1.10,810.752,-17.952,0.000,,52,70,,
T,2023-05-08 10:15:15,37.74619000,112.71479000,1.10,810.752,-17.952,0.000,,52,70,,
T,2023-05-08 10:15:16,37.74619000,112.71479000,1.10,810.752,-17.952,0.000,,53,70,,
T,2023-05-08 10:15:17,37.74619000,112.71479000,1.10,810.752,-17.952,0.000,,52,70,,
T,2023-05-08 10:15:18,37.74619000,112.71479000,1.10,810.752,-17.952,0.000,,52,70,,
T,2023-05-08 10:15:19,37.74619000,112.71479000,1.10,810.752,-17.952,0.000,,52,70,,
T,2023-05-08 10:15:20,37.74619000,112.71479000,1.10,810.752,-17.952,0.000,,52,70,,
T,2023-05-08 10:15:21,37.74619000,112.71479000,1.10,810.752,-17.952,0.000,,53,70,,
T,2023-05-08 10:15:22,37.74619000,112.71479000,1.10,810.752,-17.952,0.000,,53,70,,
T,2023-05-08 10:15:23,37.74619000,112.71479000,1.10,810.752,-17.952,0.000,,53,70,,
T,2023-05-08 10:15:24,37.74619000,112.71479000,1.10,810.752,-17.952,0.000,,53,70,,
T,2023-05-08 10:15:25,37.74619000,112.71479000,1.10,810.752,-17.952,0.000,,53,70,,
T,2023-05-08 10:15:26,37.74619000,112.71479000,1.10,810.752,-17.952,0.000,,53,70,,
T,2023-05-08 10:15:27,37.74619000,112.71479000,1.10,810.752,-17.952,0.000,,53,70,,
T,2023-05-08 10:15:28,37.74619000,112.71479000,1.10,810.752,-17.952,0.000,,52,70,,
T,2023-05-08 10:15:29,37.74619000,112.71479000,1.10,810.752,-17.952,0.000,,53,70,,
T,2023-05-08 10:15:30,37.74619000,112.71479000,1.10,810.752,-17.952,0.000,,53,70,,
T,2023-05-08 10:15:31,37.74619000,112.71479000,1.10,810.752,-17.952,0.000,,52,70,,
T,2023-05-08 10:15:32,37.74619000,112.71479000,1.10,810.752,-17.952,0.000,,52,70,,
T,2023-05-08 10:15:33,37.74619000,112.71479000,1.10,810.752,-17.952,0.000,,51,70,,
T,2023-05-08 10:15:34,37.74619000,112.71479000,1.10,810.752,-17.952,0.000,,50,70,,
T,2023-05-08 10:15:35,37.74619000,112.71479000,1.10,810.752,-17.952,0.000,,48,70,,
T,2023-05-08 10:15:36,37.74619000,112.71479000,1.10,810.752,-17.952,0.000,,51,70,,
T,2023-05-08 10:15:37,37.74619000,112.71479000,1.10,810.752,-17.952,0.000,,52,70,,
T,2023-05-08 10:15:38,37.74619000,112.71475000,1.10,811.152,-17.952,0.212,276,52,70,,
T,2023-05-08 10:15:39,37.74619000,112.71475000,1.10,811.152,-17.952,0.271,263,53,70,,
T,2023-05-08 10:15:40,37.74619000,112.71474000,1.30,811.552,-17.952,0.317,278,54,70,,
T,2023-05-08 10:15:41,37.74619000,112.71474000,1.30,811.752,-17.952,0.000,,51,70,,
T,2023-05-08 10:15:42,37.74619000,112.71474000,1.30,811.952,-17.952,0.000,,52,70,,
T,2023-05-08 10:15:43,37.74619000,112.71474000,1.30,811.852,-17.952,0.000,,53,70,,
T,2023-05-08 10:15:44,37.74619000,112.71474000,1.30,811.852,-17.952,0.000,,52,70,,
T,2023-05-08 10:15:45,37.74619000,112.71474000,1.20,811.852,-17.952,0.000,,51,70,,
T,2023-05-08 10:15:46,37.74619000,112.71474000,1.20,811.852,-17.952,0.000,,51,70,,
T,2023-05-08 10:15:47,37.74619000,112.71474000,1.20,811.852,-17.952,0.000,,51,70,,
T,2023-05-08 10:15:48,37.74619000,112.71474000,1.20,811.852,-17.952,0.000,,52,70,,
T,2023-05-08 10:15:49,37.74619000,112.71474000,1.20,811.852,-17.952,0.000,,52,70,,
T,2023-05-08 10:15:50,37.74619000,112.71474000,1.20,811.852,-17.952,0.000,,52,70,,
T,2023-05-08 10:15:51,37.74619000,112.71474000,1.20,811.852,-17.952,0.000,,52,70,,
T,2023-05-08 10:15:52,37.74619000,112.71474000,1.10,811.852,-17.952,0.000,,52,70,,
T,2023-05-08 10:15:53,37.74619000,112.71474000,1.10,811.852,-17.952,0.000,,53,70,,
T,2023-05-08 10:15:54,37.74619000,112.71474000,1.10,811.852,-17.952,0.000,,53,69,,
T,2023-05-08 10:15:55,37.74619000,112.71474000,1.10,811.852,-17.952,0.000,,53,70,,
T,2023-05-08 10:15:56,37.74619000,112.71474000,1.10,811.852,-17.952,0.000,,53,70,,
T,2023-05-08 10:15:57,37.74619000,112.71474000,1.10,811.852,-17.952,0.000,,53,70,,
T,2023-05-08 10:15:58,37.74619000,112.71474000,1.10,811.852,-17.952,0.000,,51,70,,
T,2023-05-08 10:15:59,37.74619000,112.71474000,1.20,811.852,-17.952,0.000,,51,70,,
T,2023-05-08 10:16:00,37.74619000,112.71474000,1.20,811.852,-17.952,0.000,,51,70,,
T,2023-05-08 10:16:01,37.74619000,112.71474000,1.20,811.852,-17.952,0.000,,51,70,,
T,2023-05-08 10:16:02,37.74619000,112.71474000,1.20,811.852,-17.952,0.000,,51,70,,
T,2023-05-08 10:16:03,37.74619000,112.71474000,1.10,811.852,-17.952,0.000,,54,70,,
T,2023-05-08 10:16:04,37.74619000,112.71474000,1.10,811.852,-17.952,0.000,,53,70,,
T,2023-05-08 10:16:05,37.74619000,112.71474000,1.10,811.852,-17.952,0.000,,51,70,,
T,2023-05-08 10:16:06,37.74619000,112.71474000,1.10,811.852,-17.952,0.000,,50,70,,
T,2023-05-08 10:16:07,37.74619000,112.71474000,1.20,811.852,-17.952,0.000,,48,70,,
T,2023-05-08 10:16:08,37.74619000,112.71474000,1.20,811.852,-17.952,0.000,,51,70,,
T,2023-05-08 10:16:09,37.74619000,112.71476000,1.10,810.052,-17.952,0.283,88,54,70,,
T,2023-05-08 10:16:10,37.74619000,112.71477000,1.10,809.952,-17.952,0.332,98,53,70,,
